e,b,vi,ji,n12,n23,n31,nd,nc,v,vw,j,jw,delta_e
20000.0,0.0,3.0,3,0,1,0,0,0,2.0,7.175e-17,25.0,1.454e-13,6.364139423786774e-10
20000.0,0.0,3.0,3,0,1,0,0,0,3.0,2.150e-28,20.0,1.871e+00,1.7124015608271925e-09
20000.0,0.0,3.0,3,0,1,0,0,0,0.0,1.056e+01,34.0,2.281e-20,7.548886099550955e-10
20000.0,0.0,3.0,3,1,0,0,0,0,1.0,1.859e-04,3.0,6.410e-32,-1.2690357500955152e-08
20000.0,0.0,3.0,3,1,0,0,0,0,2.0,4.453e-27,9.0,1.990e-28,-1.0355294816077887e-09
20000.0,0.0,3.0,3,1,0,0,0,0,2.0,2.868e-01,3.0,1.086e+01,2.817687430600735e-09
20000.0,0.0,3.0,3,1,0,0,0,0,4.0,9.758e-32,5.0,4.626e+00,2.7779307465447545e-09
20000.0,0.0,3.0,3,1,0,0,0,0,3.0,7.973e-13,15.0,4.663e-08,-7.671934199038333e-09
20000.0,0.0,3.0,3,1,0,0,0,0,1.0,1.141e-19,14.0,5.383e-26,-7.543762919892671e-09
20000.0,0.0,3.0,3,1,0,0,0,0,4.0,4.332e-06,4.0,2.020e-02,3.835736034352166e-09
20000.0,0.25,3.0,3,0,0,1,0,0,0.0,9.594e-24,35.0,1.091e+01,-3.631262082692821e-09
20000.0,0.25,3.0,3,0,1,0,0,0,4.0,9.140e+00,6.0,7.374e+00,2.120327607935124e-09
20000.0,0.25,3.0,3,0,1,0,0,0,4.0,5.553e-18,5.0,7.271e+00,1.5967469430000492e-09
20000.0,0.25,3.0,3,0,1,0,0,0,-0.0,4.524e-22,36.0,1.457e-28,4.077961440751565e-10
20000.0,0.25,3.0,3,1,0,0,0,0,5.0,1.490e+00,8.0,2.385e-39,9.214420407244184e-10
20000.0,0.25,3.0,3,1,0,0,0,0,3.0,6.522e+00,16.0,2.696e-04,-8.019664807235038e-09
20000.0,0.25,3.0,3,1,0,0,0,0,7.0,4.886e-28,9.0,7.011e-10,1.3803897469522042e-09
20000.0,0.25,3.0,3,1,0,0,0,0,6.0,4.288e-03,6.0,1.082e+01,3.663553106714179e-09
20000.0,0.25,3.0,3,0,0,0,0,1,0,0.000e+00,0,0.000e+00,-5.035415334697646e-09
20000.0,0.25,3.0,3,1,0,0,0,0,3.0,2.717e-03,14.0,1.290e-32,-5.576993492018012e-09
20000.0,0.5,3.0,3,1,0,0,0,0,0.0,1.958e-04,11.0,2.176e-01,-2.1621280238415252e-08
20000.0,0.5,3.0,3,0,0,1,0,0,4.0,2.003e-23,19.0,1.863e-16,1.0520626106402808e-09
20000.0,0.5,3.0,3,1,0,0,0,0,0.0,2.436e-09,3.0,3.329e+00,-1.4595238323478199e-08
20000.0,0.5,3.0,3,1,0,0,0,0,1.0,1.590e-13,5.0,4.082e-28,-4.523437027725841e-09
20000.0,0.5,3.0,3,1,0,0,0,0,2.0,2.871e+00,10.0,1.161e-30,-1.685595954481478e-09
20000.0,0.5,3.0,3,1,0,0,0,0,4.0,1.111e-07,5.0,1.127e+01,3.184576879977641e-09
20000.0,0.5,3.0,3,1,0,0,0,0,4.0,2.385e+00,16.0,1.112e-31,-5.842918739118463e-09
20000.0,0.5,3.0,3,1,0,0,0,0,6.0,6.599e-02,7.0,9.382e-31,3.3761173648394482e-09
20000.0,0.5,3.0,3,1,0,0,0,0,2.0,7.702e-38,7.0,1.080e-07,-1.483282885406112e-09
20000.0,0.5,3.0,3,1,0,0,0,0,4.0,1.410e-01,16.0,1.642e-12,-6.513504971494832e-09
20000.0,0.75,3.0,3,0,1,0,0,0,3.0,2.022e-37,9.0,9.752e-08,2.0189555097194223e-09
20000.0,0.75,3.0,3,0,1,0,0,0,2.0,1.914e-17,22.0,6.648e-21,-3.017004424066272e-10
20000.0,0.75,3.0,3,0,0,1,0,0,-0.0,4.770e-18,9.0,1.158e-01,4.0675783574695146e-10
20000.0,0.75,3.0,3,1,0,0,0,0,0.0,1.091e+01,24.0,1.049e+01,-2.332752101208424e-08
20000.0,0.75,3.0,3,1,0,0,0,0,3.0,1.979e-03,5.0,2.848e+00,3.0510733800559464e-09
20000.0,0.75,3.0,3,1,0,0,0,0,2.0,9.391e-12,17.0,3.675e-25,-1.1279163554533955e-08
20000.0,0.75,3.0,3,1,0,0,0,0,4.0,2.269e-12,7.0,9.832e-31,1.7618513800665703e-09
20000.0,0.75,3.0,3,1,0,0,0,0,6.0,6.440e-05,3.0,9.555e-11,6.2015206581111926e-09
20000.0,0.75,3.0,3,0,0,1,0,0,2.0,8.588e-05,2.0,3.696e-01,1.0112204754109122e-09
20000.0,0.75,3.0,3,1,0,0,0,0,1.0,3.429e-13,13.0,8.680e-32,-1.2842691715642118e-08
20000.0,1.0,3.0,3,0,1,0,0,0,2.0,4.311e+00,12.0,1.029e-03,-2.1563946461800043e-10
20000.0,1.0,3.0,3,0,1,0,0,0,3.0,1.784e-20,18.0,4.871e-41,7.433515816779313e-10
20000.0,1.0,3.0,3,0,0,0,0,1,0,0.000e+00,0,0.000e+00,-1.3049966662848078e-10
20000.0,1.0,3.0,3,0,0,1,0,0,3.0,1.473e-09,15.0,2.960e-12,1.0202018813076918e-09
20000.0,1.0,3.0,3,1,0,0,0,0,0.0,2.019e-28,8.0,4.527e-05,-6.5449709818476975e-09
20000.0,1.0,3.0,3,1,0,0,0,0,3.0,4.070e+00,6.0,5.242e-39,1.8738015306052347e-09
20000.0,1.0,3.0,3,1,0,0,0,0,4.0,1.145e-33,12.0,2.513e+00,-3.799946510230079e-09
20000.0,1.0,3.0,3,1,0,0,0,0,4.0,1.221e-27,4.0,2.384e+00,4.033046854812206e-09
20000.0,1.0,3.0,3,0,1,0,0,0,-0.0,1.436e-01,33.0,1.272e-27,-2.9101182574819973e-10
20000.0,1.0,3.0,3,1,0,0,0,0,1.0,1.892e-32,9.0,4.292e-11,-1.7468550647659065e-08
20000.0,1.25,3.0,3,0,0,1,0,0,1.0,5.193e-32,20.0,1.823e+00,-1.1846048447727853e-09
20000.0,1.25,3.0,3,0,1,0,0,0,3.0,3.444e-07,14.0,1.053e+01,1.4778692158934348e-09
20000.0,1.25,3.0,3,0,1,0,0,0,3.0,8.853e+00,16.0,2.235e-22,1.3727197781254752e-09
20000.0,1.25,3.0,3,1,0,0,0,0,0.0,3.652e-08,8.0,3.784e-41,-1.7531367149659083e-08
20000.0,1.25,3.0,3,0,0,0,0,1,0,0.000e+00,0,0.000e+00,-5.453027543400601e-10
20000.0,1.25,3.0,3,1,0,0,0,0,6.0,1.027e-08,7.0,2.293e-30,9.831054650910609e-10
20000.0,1.25,3.0,3,1,0,0,0,0,2.0,4.646e-22,8.0,1.204e-30,9.043539528352795e-11
20000.0,1.25,3.0,3,1,0,0,0,0,3.0,3.699e-39,9.0,1.383e-02,-1.9947124507702085e-10
20000.0,1.25,3.0,3,1,0,0,0,0,-0.0,6.899e-10,13.0,2.823e-27,-2.9001505502668223e-09
20000.0,1.25,3.0,3,1,0,0,0,0,6.0,3.094e-10,13.0,6.049e-05,-7.150125075350289e-10
20000.0,1.5,3.0,3,0,1,0,0,0,3.0,1.112e-37,22.0,8.835e+00,8.218302149920476e-10
20000.0,1.5,3.0,3,0,0,1,0,0,3.0,1.881e-17,16.0,3.621e+00,1.8059330628150683e-09
20000.0,1.5,3.0,3,0,0,1,0,0,1.0,4.442e-17,24.0,1.434e-17,-1.774095176321211e-10
20000.0,1.5,3.0,3,0,1,0,0,0,1.0,7.094e-04,24.0,7.075e-01,2.0707522918606003e-09
20000.0,1.5,3.0,3,1,0,0,0,0,2.0,2.149e-11,0.0,1.726e-06,1.663328016987542e-09
20000.0,1.5,3.0,3,1,0,0,0,0,4.0,1.894e-32,7.0,2.949e-07,1.524527129537212e-09
20000.0,1.5,3.0,3,1,0,0,0,0,2.0,1.297e-28,14.0,2.019e-03,-8.32103577708132e-09
20000.0,1.5,3.0,3,1,0,0,0,0,6.0,9.342e-15,5.0,1.617e-03,1.7643667360456305e-09
20000.0,1.5,3.0,3,0,1,0,0,0,2.0,1.488e-01,11.0,5.317e-16,2.474722718415201e-10
20000.0,1.5,3.0,3,1,0,0,0,0,-0.0,7.041e-31,5.0,9.947e-22,-7.068728644088473e-09
20000.0,1.75,3.0,3,0,1,0,0,0,-0.0,4.926e-11,25.0,3.571e-38,-1.47977879949579e-09
20000.0,1.75,3.0,3,0,0,1,0,0,3.0,3.103e-01,16.0,1.349e-28,9.092480310335382e-10
20000.0,1.75,3.0,3,0,0,1,0,0,2.0,9.787e-21,3.0,2.222e-01,-7.893664819014212e-10
20000.0,1.75,3.0,3,0,0,0,1,0,0,0.000e+00,0,0.000e+00,-1.1240936237388865e-09
20000.0,1.75,3.0,3,0,0,1,0,0,3.0,1.646e-04,30.0,3.033e-02,3.320381469773537e-10
20000.0,1.75,3.0,3,1,0,0,0,0,-0.0,9.521e+00,5.0,7.791e-28,-1.2639714788709178e-08
20000.0,1.75,3.0,3,1,0,0,0,0,0.0,2.089e-34,15.0,4.106e-36,-2.3001541740730325e-08
20000.0,1.75,3.0,3,1,0,0,0,0,3.0,7.471e-13,10.0,5.214e+00,-1.5519148188758436e-09
20000.0,1.75,3.0,3,1,0,0,0,0,2.0,2.054e-20,17.0,8.214e+00,-1.2178421882058643e-08
20000.0,1.75,3.0,3,1,0,0,0,0,4.0,2.265e-07,12.0,1.576e-21,-3.792881092534728e-09
20000.0,2.0,3.0,3,0,1,0,0,0,1.0,8.575e-21,28.0,1.826e-09,-1.6302293959213898e-09
20000.0,2.0,3.0,3,0,0,1,0,0,3.0,4.935e-26,9.0,4.077e-27,1.8110955651851057e-09
20000.0,2.0,3.0,3,1,0,0,0,0,-0.0,5.303e-26,8.0,3.468e-15,-8.003076090723482e-09
20000.0,2.0,3.0,3,1,0,0,0,0,1.0,3.158e-13,15.0,1.542e-26,-2.5565607936206547e-08
20000.0,2.0,3.0,3,0,0,0,0,1,0,0.000e+00,0,0.000e+00,-5.056335669606504e-09
20000.0,2.0,3.0,3,1,0,0,0,0,4.0,1.130e-32,1.0,3.226e-08,5.050860271693658e-09
20000.0,2.0,3.0,3,0,1,0,0,0,2.0,1.613e-19,13.0,1.635e-32,-1.1237488162230136e-09
20000.0,2.0,3.0,3,1,0,0,0,0,6.0,4.024e+00,7.0,4.928e-05,3.352861599470458e-09
20000.0,2.0,3.0,3,1,0,0,0,0,7.0,1.891e-17,8.0,5.945e-02,2.064863134643158e-09
20000.0,2.25,3.0,3,0,0,1,0,0,3.0,5.955e-14,12.0,6.450e-05,1.7418964604054565e-09
20000.0,2.25,3.0,3,0,0,1,0,0,2.0,2.745e-07,7.0,1.640e-17,-6.977610503278164e-10
20000.0,2.25,3.0,3,0,0,1,0,0,-0.0,4.194e-27,29.0,7.301e-02,-2.106141247515403e-09
20000.0,2.25,3.0,3,0,0,1,0,0,0.0,2.986e-22,24.0,1.834e-08,-1.4596871905636633e-09
20000.0,2.25,3.0,3,1,0,0,0,0,0.0,6.401e-35,23.0,1.165e-40,-2.2336925961652376e-08
20000.0,2.25,3.0,3,1,0,0,0,0,0.0,8.418e-14,1.0,4.053e-37,-1.437454287545048e-08
20000.0,2.25,3.0,3,1,0,0,0,0,1.0,8.543e-15,9.0,3.775e-26,-5.734067998197645e-09
20000.0,2.25,3.0,3,1,0,0,0,0,2.0,5.560e-42,12.0,2.801e-03,-5.482429982217596e-09
20000.0,2.25,3.0,3,0,1,0,0,0,2.0,1.006e+01,28.0,2.885e-01,6.004617636445886e-11
20000.0,2.25,3.0,3,0,1,0,0,0,2.0,2.991e-42,18.0,3.729e-05,-1.5241904960383579e-09
20000.0,2.5,3.0,3,0,1,0,0,0,1.0,4.933e-27,9.0,5.803e-43,-1.4695376721052256e-09
20000.0,2.5,3.0,3,0,0,1,0,0,2.0,9.369e-02,19.0,1.757e-17,7.924300104988902e-11
20000.0,2.5,3.0,3,0,1,0,0,0,2.0,5.033e-08,14.0,9.669e-38,7.034765200919502e-10
20000.0,2.5,3.0,3,1,0,0,0,0,0.0,2.701e+00,7.0,3.105e-24,-1.4482734969623046e-08
20000.0,2.5,3.0,3,1,0,0,0,0,1.0,3.552e-37,6.0,3.985e-31,-1.5454301033335227e-08
20000.0,2.5,3.0,3,1,0,0,0,0,1.0,2.455e+00,14.0,3.078e-37,-1.3686601726958791e-08
20000.0,2.5,3.0,3,1,0,0,0,0,5.0,1.394e-11,10.0,1.018e-21,-9.258409594536943e-10
20000.0,2.5,3.0,3,1,0,0,0,0,-0.0,3.237e-22,7.0,6.334e-04,-5.621281162770941e-09
20000.0,2.5,3.0,3,1,0,0,0,0,1.0,3.116e-02,13.0,2.277e-28,-6.541517397207208e-09
20000.0,2.75,3.0,3,0,1,0,0,0,1.0,1.777e-14,32.0,6.345e+00,-1.1762226748146531e-09
20000.0,2.75,3.0,3,0,0,1,0,0,1.0,2.134e-10,20.0,9.585e+00,-1.6800736080124778e-09
20000.0,2.75,3.0,3,1,0,0,0,0,1.0,1.136e-04,11.0,3.355e-10,-1.6010006875788463e-08
20000.0,2.75,3.0,3,1,0,0,0,0,1.0,1.105e+01,7.0,2.726e+00,-1.072082751740755e-08
20000.0,2.75,3.0,3,1,0,0,0,0,2.0,1.940e-07,8.0,1.125e-24,7.760868475648053e-10
20000.0,2.75,3.0,3,1,0,0,0,0,2.0,5.514e-10,6.0,1.843e-04,-8.874172091610788e-10
20000.0,2.75,3.0,3,1,0,0,0,0,4.0,4.709e-13,14.0,9.286e-06,-5.469427348525624e-09
20000.0,2.75,3.0,3,1,0,0,0,0,4.0,2.836e-08,8.0,1.192e-39,3.499553424823887e-10
20000.0,2.75,3.0,3,1,0,0,0,0,2.0,2.774e-28,17.0,6.105e-07,-1.2157296905290771e-08
20000.0,2.75,3.0,3,1,0,0,0,0,4.0,1.531e-36,4.0,4.971e-07,4.310565904219743e-09
20000.0,3.0,3.0,3,0,0,1,0,0,1.0,2.216e-19,33.0,2.444e-02,-4.2576267927918465e-09
20000.0,3.0,3.0,3,0,1,0,0,0,0.0,3.616e-04,5.0,4.846e-03,-3.590799012298529e-09
20000.0,3.0,3.0,3,0,1,0,0,0,2.0,3.454e-29,16.0,2.743e-37,-1.675963243186196e-09
20000.0,3.0,3.0,3,1,0,0,0,0,1.0,5.173e-06,15.0,3.303e-35,-2.476446228638629e-08
20000.0,3.0,3.0,3,1,0,0,0,0,1.0,7.031e-22,17.0,2.936e-01,-1.2634048293658218e-08
20000.0,3.0,3.0,3,1,0,0,0,0,1.0,5.040e-20,12.0,3.189e-32,-4.721848273492313e-09
20000.0,3.0,3.0,3,1,0,0,0,0,2.0,1.086e+01,10.0,3.222e-04,-2.4470401122078655e-09
20000.0,3.0,3.0,3,1,0,0,0,0,4.0,2.100e-01,14.0,1.066e+01,-4.5176927060408545e-09
20000.0,3.0,3.0,3,1,0,0,0,0,-0.0,1.712e-37,1.0,5.219e-27,-1.3775584423170173e-09
20000.0,3.0,3.0,3,1,0,0,0,0,4.0,1.388e-24,7.0,1.166e-36,2.0644147433190874e-09
20000.0,3.25,3.0,3,1,0,0,0,0,-0.0,8.641e-03,11.0,1.655e-03,-1.4892981584080367e-08
20000.0,3.25,3.0,3,0,1,0,0,0,1.0,8.572e-03,8.0,1.837e-05,-2.197487213029259e-09
20000.0,3.25,3.0,3,1,0,0,0,0,-0.0,5.184e-17,20.0,1.528e-17,-3.7201771566075514e-08
20000.0,3.25,3.0,3,1,0,0,0,0,5.0,1.001e-26,9.0,2.009e-41,-1.3761357331443236e-10
20000.0,3.25,3.0,3,1,0,0,0,0,0.0,1.162e+00,24.0,3.317e-24,-1.8983369085012747e-08
20000.0,3.25,3.0,3,1,0,0,0,0,-0.0,8.152e-01,19.0,5.319e-43,-3.055393024697928e-08
20000.0,3.25,3.0,3,1,0,0,0,0,6.0,1.600e-34,7.0,2.427e+00,3.3010797428900673e-09
20000.0,3.25,3.0,3,1,0,0,0,0,7.0,1.306e-21,3.0,4.212e+00,5.477226130978785e-09
20000.0,3.25,3.0,3,0,0,1,0,0,1.0,2.925e-15,5.0,5.941e-22,-1.8273852570027671e-09
20000.0,3.25,3.0,3,0,1,0,0,0,0.0,1.401e-05,31.0,8.404e-09,-5.96096499244636e-09
20000.0,3.5,3.0,3,0,1,0,0,0,-0.0,8.599e-31,14.0,1.223e-35,-5.764622043602508e-10
20000.0,3.5,3.0,3,0,0,1,0,0,0.0,2.343e-05,13.0,3.228e-19,-1.3550518970784076e-09
20000.0,3.5,3.0,3,0,1,0,0,0,1.0,1.852e-02,22.0,8.454e-10,-2.1989604165328913e-09
20000.0,3.5,3.0,3,1,0,0,0,0,1.0,1.385e-19,9.0,2.163e-14,-1.8727723816169828e-09
20000.0,3.5,3.0,3,1,0,0,0,0,1.0,2.332e-05,13.0,9.205e-12,-1.1939956370832228e-08
20000.0,3.5,3.0,3,1,0,0,0,0,2.0,4.187e-38,19.0,2.097e-01,-1.0033412142784748e-08
20000.0,3.5,3.0,3,1,0,0,0,0,3.0,8.363e-21,9.0,2.023e-03,-5.18610279720555e-10
20000.0,3.5,3.0,3,1,0,0,0,0,5.0,4.740e-31,14.0,2.139e-21,-1.179583999921796e-09
20000.0,3.5,3.0,3,1,0,0,0,0,-0.0,1.689e-04,7.0,2.494e-05,-1.2628605911002566e-08
20000.0,3.5,3.0,3,1,0,0,0,0,2.0,2.629e-28,18.0,1.352e-07,-1.4142593443566831e-08
20000.0,3.75,3.0,3,1,0,0,0,0,-0.0,3.986e-25,8.0,9.372e-40,-9.679220272507116e-09
20000.0,3.75,3.0,3,1,0,0,0,0,-0.0,6.356e-08,14.0,9.365e-01,-9.093321193254233e-09
20000.0,3.75,3.0,3,1,0,0,0,0,-0.0,2.494e-12,14.0,1.217e-01,-5.6164416867288125e-09
20000.0,3.75,3.0,3,1,0,0,0,0,0.0,6.827e-15,19.0,2.876e-24,-3.74221420795795e-08
20000.0,3.75,3.0,3,1,0,0,0,0,2.0,6.892e-02,25.0,1.927e-32,-6.235310961999474e-09
20000.0,3.75,3.0,3,1,0,0,0,0,1.0,2.183e-32,8.0,1.468e-09,-1.701875848580947e-08
20000.0,3.75,3.0,3,1,0,0,0,0,1.0,1.944e-06,13.0,1.348e-05,-6.425107390573004e-09
20000.0,3.75,3.0,3,1,0,0,0,0,4.0,2.156e-09,15.0,5.331e-02,-4.612165649398037e-09
20000.0,3.75,3.0,3,0,1,0,0,0,-0.0,3.277e-22,14.0,5.299e-26,-8.708142193447621e-10
20000.0,3.75,3.0,3,0,0,1,0,0,3.0,5.145e-08,9.0,3.269e-08,1.4788440055868435e-09
20000.0,4.0,3.0,3,0,0,0,0,1,0,0.000e+00,0,0.000e+00,-8.47231118594749e-10
20000.0,4.0,3.0,3,0,1,0,0,0,-0.0,2.765e-03,16.0,6.869e-07,-1.6870926045076118e-09
20000.0,4.0,3.0,3,0,0,1,0,0,-0.0,1.923e-12,15.0,5.779e-06,-2.3327344153556417e-09
20000.0,4.0,3.0,3,1,0,0,0,0,-0.0,1.453e+00,14.0,3.243e-03,-2.4020358938003916e-08
20000.0,4.0,3.0,3,1,0,0,0,0,1.0,1.122e+01,17.0,8.266e+00,-8.512152815942642e-09
20000.0,4.0,3.0,3,0,0,0,0,1,0,0.000e+00,0,0.000e+00,-9.932206390672604e-09
20000.0,4.0,3.0,3,1,0,0,0,0,3.0,2.532e-10,10.0,1.011e-08,-8.482928109954102e-10
20000.0,4.0,3.0,3,1,0,0,0,0,4.0,1.418e-20,13.0,5.666e-33,-3.1582857717982193e-09
20000.0,4.0,3.0,3,1,0,0,0,0,3.0,4.954e-05,6.0,1.144e-04,2.0725273303101588e-09
20000.0,4.0,3.0,3,1,0,0,0,0,4.0,3.996e-04,1.0,7.051e-01,5.725434917835948e-09
20000.0,4.25,3.0,3,1,0,0,0,0,-0.0,6.797e-01,12.0,6.970e-05,-1.4584594448807664e-08
20000.0,4.25,3.0,3,0,1,0,0,0,0.0,2.844e-05,31.0,1.043e-03,-2.6316355622446608e-09
20000.0,4.25,3.0,3,1,0,0,0,0,0.0,4.608e-11,14.0,1.105e+01,-3.009501456374686e-08
20000.0,4.25,3.0,3,1,0,0,0,0,5.0,4.789e-13,8.0,2.372e-05,-5.6752119670377965e-09
20000.0,4.25,3.0,3,1,0,0,0,0,2.0,1.097e+00,18.0,2.730e-02,-1.0419922855109398e-08
20000.0,4.25,3.0,3,1,0,0,0,0,4.0,5.522e-24,15.0,5.820e-19,-8.8126390490606e-09
20000.0,4.25,3.0,3,1,0,0,0,0,5.0,2.512e-19,14.0,6.499e-16,-4.4361971041073645e-09
20000.0,4.25,3.0,3,1,0,0,0,0,2.0,9.628e-26,14.0,3.622e-10,-6.4645804820351316e-09
20000.0,4.25,3.0,3,0,1,0,0,0,0.0,8.121e-01,7.0,4.279e-04,-1.1240274336299372e-09
20000.0,4.25,3.0,3,1,0,0,0,0,3.0,7.453e-09,10.0,1.229e-18,-1.845283328916203e-09
20000.0,4.5,3.0,3,1,0,0,0,0,0.0,3.817e-02,15.0,1.599e-05,-3.252387241470256e-08
20000.0,4.5,3.0,3,1,0,0,0,0,0.0,1.010e+01,19.0,1.360e-09,-3.338788052975605e-08
20000.0,4.5,3.0,3,1,0,0,0,0,1.0,9.686e+00,13.0,2.462e+00,-1.0734945279922137e-08
20000.0,4.5,3.0,3,1,0,0,0,0,1.0,3.882e-15,14.0,2.115e-05,-8.591135802760164e-09
20000.0,4.5,3.0,3,1,0,0,0,0,1.0,1.709e-08,20.0,6.304e-07,-2.023169951015369e-08
20000.0,4.5,3.0,3,1,0,0,0,0,3.0,1.395e-02,5.0,5.432e-03,2.8555061093449297e-09
20000.0,4.5,3.0,3,1,0,0,0,0,7.0,1.459e-22,4.0,4.028e-01,5.2686398924195466e-09
20000.0,4.5,3.0,3,1,0,0,0,0,6.0,3.209e-35,7.0,4.313e-20,3.756462960136098e-09
20000.0,4.5,3.0,3,1,0,0,0,0,1.0,1.409e-01,15.0,6.763e-01,-1.0570343836335816e-08
20000.0,4.5,3.0,3,1,0,0,0,0,4.0,1.996e-08,11.0,1.391e+00,-2.6200390329522705e-09
20000.0,4.75,3.0,3,1,0,0,0,0,-0.0,1.703e-12,17.0,3.762e-33,-3.923504715563908e-09
20000.0,4.75,3.0,3,1,0,0,0,0,0.0,1.333e-27,9.0,2.369e-30,-1.9054723993106037e-08
20000.0,4.75,3.0,3,1,0,0,0,0,1.0,4.080e+00,17.0,5.345e-05,-1.486077383372475e-08
20000.0,4.75,3.0,3,1,0,0,0,0,1.0,1.363e-12,21.0,4.003e-22,-1.2959139067403314e-08
20000.0,4.75,3.0,3,1,0,0,0,0,2.0,3.652e-29,11.0,9.632e-05,-2.6227668648015623e-09
20000.0,4.75,3.0,3,1,0,0,0,0,3.0,1.356e-10,9.0,1.427e-01,-1.4472444076485402e-10
20000.0,4.75,3.0,3,1,0,0,0,0,5.0,1.439e-25,11.0,2.786e-38,-2.3076991637061006e-09
20000.0,4.75,3.0,3,1,0,0,0,0,5.0,2.617e-33,6.0,2.562e-03,1.6796273955010932e-09
20000.0,4.75,3.0,3,1,0,0,0,0,2.0,5.381e-18,10.0,1.145e-05,-2.394880210809802e-09
20000.0,4.75,3.0,3,1,0,0,0,0,3.0,1.255e-25,12.0,1.110e+01,-4.143215062701877e-09
