vi,ji,e,b,pR,pR_err,pQ,pQ_err,pDiss,pDiss_err
0.0,0,5000.0,0.0,0.0,0.0,0.9868380777471687,0.0,0.013161922252831344,0.001151191078597769
0.0,0,5000.0,0.25,0.0,0.0,0.9849142384790246,0.0,0.015085761520975408,0.0012390533837979638
0.0,0,5000.0,0.5,0.0,0.0,0.9798188874514877,0.0,0.02018111254851229,0.0015993949067986543
0.0,0,5000.0,0.75,0.0,0.0,0.9792030250145434,0.0,0.02079697498545666,0.0017209510750769345
0.0,0,5000.0,1.0,0.0,0.0,0.9783659378596088,0.0,0.021634062140391253,0.0015606654291626082
0.0,0,5000.0,1.25,0.0,0.0,0.9747060919130744,0.0,0.025293908086925544,0.0017110510793944293
0.0,0,5000.0,1.5,0.0,0.0,0.9725878517087309,0.0,0.02741214829126917,0.0017942979637245561
0.0,0,5000.0,1.75,0.0,0.0,0.9758585515130908,0.0,0.024141448486909214,0.002001301809910937
0.0,0,5000.0,2.0,0.0,0.0,0.9750432419075858,0.0,0.024956758092414134,0.0017339015024801147
0.0,0,5000.0,2.25,0.0,0.0,0.9716842363324344,0.0,0.02831576366756558,0.0018364743526628003
0.0,0,5000.0,2.5,0.0,0.0,0.9741400643405098,0.0,0.025859935659490227,0.0017654889333737099
0.0,0,5000.0,2.75,0.0,0.0,0.9692955305187569,0.0,0.030704469481243037,0.0019195695963743554
0.0,0,5000.0,3.0,0.0,0.0,0.9695249845774213,0.0,0.030475015422578654,0.001909303462257844
0.0,0,5000.0,3.25,0.0,0.0,0.965983052928896,0.0,0.03401694707110402,0.0020088162060789543
0.0,0,5000.0,3.5,0.0,0.0,0.9709086407526616,0.0,0.02909135924733845,0.0018699038052031286
0.0,0,5000.0,3.75,0.0,0.0,0.9738810545677499,0.0,0.026118945432250153,0.0017661142513887907
0.0,0,5000.0,4.0,0.0,0.0,0.9667932851366254,0.0,0.033206714863374585,0.001983389821947594
0.0,0,5000.0,4.25,0.0,0.0,0.9706744868035191,0.0,0.02932551319648094,0.001864991288554365
0.0,0,5000.0,4.5,0.0,0.0,0.968814715556097,0.0,0.031185284443903033,0.0019184482577421272
0.0,0,5000.0,4.75,0.0,0.0,0.9679961207419081,0.0,0.03200387925809189,0.0019379272442336286
0.0,0,10000.0,0.0,0.0,0.0,0.9896179820582602,0.0,0.010382017941739744,0.0010176465199628476
0.0,0,10000.0,0.25,0.0,0.0,0.9879407256004088,0.0,0.01205927439959121,0.001103432110340488
0.0,0,10000.0,0.5,0.0,0.0,0.9861010268644331,0.0,0.01389897313556685,0.0011923150389450594
0.0,0,10000.0,0.75,0.0,0.0,0.9821256555710157,0.0001070262744907051,0.017767312426415497,0.0013667053252091352
0.0,0,10000.0,1.0,0.0,0.0,0.9812165556404936,0.0,0.01878344435950639,0.0014187093889880828
0.0,0,10000.0,1.25,0.0,0.0,0.9846308052121617,0.0,0.015369194787838289,0.0012982199572069988
0.0,0,10000.0,1.5,0.0,0.0,0.9800828018350677,0.0,0.019917198164932304,0.0014779155799550172
0.0,0,10000.0,1.75,0.0,0.0,0.981094082112093,0.0,0.018905917887906926,0.00144048832616697
0.0,0,10000.0,2.0,0.0,0.0,0.9794358916732218,0.0,0.02056410832677829,0.0015044312482707337
0.0,0,10000.0,2.25,0.0,0.0,0.979812788992895,0.0,0.020187211007104997,0.0014935554774542633
0.0,0,10000.0,2.5,0.0,0.0,0.9775744728327569,0.0,0.02242552716724311,0.0015639380950388442
0.0,0,10000.0,2.75,0.0,0.0,0.9795623680995224,0.0,0.020437631900477617,0.0014912062237133652
0.0,0,10000.0,3.0,0.0,0.0,0.9753525036083046,0.0,0.024647496391695348,0.0016337181202888361
0.0,0,10000.0,3.25,0.0,0.0,0.9787327823691461,0.0,0.021267217630853995,0.0015144819036139725
0.0,0,10000.0,3.5,0.0,0.0,0.9764239286107745,0.0,0.023576071389225513,0.0015925158304971447
0.0,0,10000.0,3.75,0.0,0.0,0.9802966331059868,0.0,0.019703366894013207,0.0014460506528989564
0.0,0,10000.0,4.0,0.0,0.0,0.9788884101680311,0.0,0.02111158983196898,0.0014919679614415595
0.0,0,10000.0,4.25,0.0,0.0,0.9814576634512325,0.0,0.018542336548767416,0.001396616578568597
0.0,0,10000.0,4.5,0.0,0.0,0.9824468085106383,0.0,0.017553191489361703,0.0013544676648394717
0.0,0,10000.0,4.75,0.0,0.0,0.9827150084317032,0.0,0.017284991568296795,0.001338015185596437
0.0,0,20000.0,0.0,0.0005088540606554041,0.00022755487394439898,0.9906370852839406,0.00022755487394439898,0.00885406065540403,0.0009450432174310237
0.0,0,20000.0,0.25,0.0011307565789473685,0.0003409184126239784,0.98828125,0.0003409184126239784,0.010587993421052632,0.0010377282473431665
0.0,0,20000.0,0.5,0.0018773466833541927,0.00044247178075946137,0.986232790988736,0.00044247178075946137,0.011889862327909888,0.0011069476377731288
0.0,0,20000.0,0.75,0.002343417128248828,0.0004995916003478368,0.9833830421815083,0.0004995916003478368,0.014273540690242864,0.0012242145176288711
0.0,0,20000.0,1.0,0.005086029650470728,0.0007418318221091932,0.9824694297153987,0.0007418318221091932,0.012444540634130506,0.0011532161002757836
0.0,0,20000.0,1.25,0.0046922741161065035,0.0007155224190305343,0.9804670449585334,0.0007155224190305343,0.014840680925360105,0.0012630996320097685
0.0,0,20000.0,1.5,0.0030484485574305935,0.0005760690241395135,0.9847577572128471,0.0005760690241395135,0.012193794229722374,0.0011451588290809504
0.0,0,20000.0,1.75,0.004439631835408771,0.0006933146333550193,0.9841905793178126,0.0006933146333550193,0.01136978884677856,0.0011032519116447176
0.0,0,20000.0,2.0,0.002765663227316243,0.0005423623349419106,0.985214338900117,0.0005423623349419106,0.012019997872566749,0.0011239299547137654
0.0,0,20000.0,2.25,0.0018838304552590266,0.00044399986078094694,0.984196755625327,0.00044399986078094694,0.01391941391941392,0.001198536690025335
0.0,0,20000.0,2.5,0.0008281573498964803,0.00029278268344075587,0.9872670807453416,0.00029278268344075587,0.011904761904761904,0.0011034971019029279
0.0,0,20000.0,2.75,0.0009251644736842105,0.00030837230694471764,0.9869449013157895,0.00030837230694471764,0.012129934210526315,0.0011098578409300315
0.0,0,20000.0,3.0,0.0003061536891519543,0.00017674889543387536,0.9871415450556179,0.00017674889543387536,0.012552301255230125,0.0011246770913896716
0.0,0,20000.0,3.25,0.000304228780042592,0.00017563766170349934,0.9886421255450766,0.00017563766170349934,0.011053645674880843,0.0010528794689641419
0.0,0,20000.0,3.5,0.00010088781275221953,0.00010088272344847315,0.9916263115415658,0.00010088272344847315,0.008272800645682001,0.0009097912278122253
0.0,0,20000.0,3.75,0.0,0.0,0.9930541574390981,0.0,0.006945842560901953,0.0008332721304160346
0.0,0,20000.0,4.0,0.0,0.0,0.9927747114902158,0.0,0.007225288509784245,0.0008484266431248707
0.0,0,20000.0,4.25,0.0,0.0,0.992988782051282,0.0,0.007011217948717949,0.0008350579572859568
0.0,0,20000.0,4.5,0.0,0.0,0.9920897166316212,0.0,0.007910283368378892,0.0008864494395805644
0.0,0,20000.0,4.75,0.0,0.0,0.9905905905905906,0.0,0.00940940940940941,0.0009659297400226442
0.0,0,30000.0,0.0,0.050581212692428525,0.002297830965505572,0.9438684679023981,0.002297830965505572,0.0055503194051733165,0.0007602762917259685
0.0,0,30000.0,0.25,0.04967306475427125,0.002285035593728292,0.9435773043661675,0.002285035593728292,0.006749630879561274,0.0008408516942169229
0.0,0,30000.0,0.5,0.0516506922257721,0.002341333524648429,0.9401490947816826,0.002341333524648429,0.008200212992545261,0.0009306615588416988
0.0,0,30000.0,0.75,0.04154589371980676,0.0021096254081281757,0.9517981749865808,0.0021096254081281757,0.006655931293612453,0.0008424862798570754
0.0,0,30000.0,1.0,0.03456444492301066,0.0019273173658233664,0.9582211693765479,0.0019273173658233664,0.007214385700441478,0.0008781924388565257
0.0,0,30000.0,1.25,0.027041585865115278,0.0017057669723012728,0.9654169360051713,0.0017057669723012728,0.007541478129713424,0.0008979737441707564
0.0,0,30000.0,1.5,0.02127432114603378,0.001507605189881377,0.9720974983964079,0.001507605189881377,0.006628180457558264,0.0008389853877139653
0.0,0,30000.0,1.75,0.010122311261071278,0.001033001938864932,0.9830240404892451,0.001033001938864932,0.006853648249683678,0.0008471723226469912
0.0,0,30000.0,2.0,0.006350858927641853,0.0008130907282775136,0.9867777199375325,0.0008130907282775136,0.0068714211348256116,0.0008429024930849826
0.0,0,30000.0,2.25,0.003998769609350969,0.0006402777170745873,0.9886188864964626,0.0006402777170745873,0.007382343894186404,0.0008668002381204905
0.0,0,30000.0,2.5,0.0025301082886347538,0.0005059960512872549,0.9899807711770063,0.0005059960512872549,0.007489120534358871,0.0008673264654385382
0.0,0,30000.0,2.75,0.001006238679814852,0.0003181813980719269,0.9913463473535923,0.0003181813980719269,0.007647413966592876,0.0008738578795791681
0.0,0,30000.0,3.0,0.0005009016229212583,0.0002239987947992973,0.9908835904628331,0.0002239987947992973,0.008615507914245642,0.0009250234033237078
0.0,0,30000.0,3.25,0.00010013016921998598,0.00010012515606909693,0.9936917993391409,0.00010012515606909693,0.006208070491639131,0.0007859746294853608
0.0,0,30000.0,3.5,0.0,0.0,0.9924947463224257,0.0,0.007505253677574302,0.0008633737744876708
0.0,0,30000.0,3.75,0.0,0.0,0.9926970788315326,0.0,0.007302921168467387,0.00085161549461463
0.0,0,30000.0,4.0,0.0,0.0,0.9927985597119424,0.0,0.0072014402880576115,0.0008456364317946992
0.0,0,30000.0,4.25,0.0,0.0,0.9880988098809881,0.0,0.011901190119011902,0.0010844688960753824
0.0,0,30000.0,4.5,0.0,0.0,0.980998099809981,0.0,0.019001900190019003,0.0013653824463648418
0.0,0,30000.0,4.75,0.0,0.0,0.9686968696869687,0.0,0.0313031303130313,0.001741444141318751
0.0,0,40000.0,0.0,0.18454370505418818,0.00432106294976345,0.8138357135622405,0.00432106294976345,0.0016205813835713562,0.00040481692727901763
0.0,0,40000.0,0.25,0.17955492328015446,0.004269366004749318,0.8183111472411341,0.004269366004749318,0.0021339294787115133,0.0004651644789201775
0.0,0,40000.0,0.5,0.18131313131313131,0.0042773658116861644,0.8166666666666667,0.0042773658116861644,0.00202020202020202,0.0004512743800179275
0.0,0,40000.0,0.75,0.16533924790805524,0.004080851046312988,0.832543603185805,0.004080851046312988,0.002117148906139732,0.00046151044733373217
0.0,0,40000.0,1.0,0.14121444422029453,0.0037725180047472997,0.8573734113375026,0.0037725180047472997,0.0014121444422029454,0.00037714490347932016
0.0,0,40000.0,1.25,0.11707267968592712,0.0034317315852314964,0.8817193476947855,0.0034317315852314964,0.0012079726192872962,0.0003485009777485278
0.0,0,40000.0,1.5,0.08214213811153614,0.0028747346999937846,0.9150392591101268,0.0028747346999937846,0.0028186027783370245,0.0005319146404174776
0.0,0,40000.0,1.75,0.06396459820979583,0.0025357920983330538,0.9335210700995675,0.0025357920983330538,0.002514331690636629,0.0005022337538603453
0.0,0,40000.0,2.0,0.04511655948553055,0.0021287858436379054,0.9500602893890675,0.0021287858436379054,0.00482315112540193,0.0006944810238923521
0.0,0,40000.0,2.25,0.027189726096117188,0.001651423102432021,0.9670914016253637,0.001651423102432021,0.005718872278519113,0.0007553140576029494
0.0,0,40000.0,2.5,0.01984365604329525,0.0014100473371751333,0.9736420124273402,0.0014100473371751333,0.0065143315293646024,0.0008053672811927285
0.0,0,40000.0,2.75,0.012123033764151888,0.0011019812722136318,0.9787596433223124,0.0011019812722136318,0.009117322913535718,0.0009513881955806024
0.0,0,40000.0,3.0,0.005606166783461808,0.0007490992978067628,0.9851837020722795,0.0007490992978067628,0.009210131144258685,0.0009557904329628653
0.0,0,40000.0,3.25,0.0024009603841536617,0.0004900694710328479,0.9900960384153662,0.0004900694710328479,0.007503001200480192,0.0008631156381322807
0.0,0,40000.0,3.5,0.0001,9.999499987499376e-05,0.9917,9.999499987499376e-05,0.0082,0.0009018181634897359
0.0,0,40000.0,3.75,0.0,0.0,0.9917,0.0,0.0083,0.000907254650029417
0.0,0,40000.0,4.0,0.0,0.0,0.9869,0.0,0.0131,0.0011370307823449638
0.0,0,40000.0,4.25,0.0,0.0,0.9783,0.0,0.0217,0.0014570212764403955
0.0,0,40000.0,4.5,0.0,0.0,0.9704970497049705,0.0,0.029502950295029504,0.0016921994491753715
0.0,0,40000.0,4.75,0.0,0.0,0.9845984598459846,0.0,0.015401540154015401,0.0012314970280041132
0.0,0,50000.0,0.0,0.14590032154340837,0.0038274850594036086,0.851185691318328,0.0038274850594036086,0.0029139871382636655,0.0005403248525324726
0.0,0,50000.0,0.25,0.14746682750301568,0.0038488879980927123,0.8509248090068355,0.0038488879980927123,0.0016083634901487736,0.0004017673882752267
0.0,0,50000.0,0.5,0.13170339068316733,0.0036389944357173346,0.8670892443907838,0.0036389944357173346,0.0012073649260488982,0.00034832576377357734
0.0,0,50000.0,0.75,0.11821471652593486,0.0034463954156562873,0.8802774427020507,0.0034463954156562873,0.0015078407720144752,0.00038902918411574234
0.0,0,50000.0,1.0,0.10034115994380895,0.00317235090226938,0.8983544049769215,0.00317235090226938,0.0013044350792695164,0.00036154915756601277
0.0,0,50000.0,1.25,0.07107670654468684,0.0026726723765228347,0.9286216949834121,0.0026726723765228347,0.0003015984719010757,0.000174101698595931
0.0,0,50000.0,1.5,0.051959798994974875,0.0022848697005718776,0.9473366834170854,0.0022848697005718776,0.0007035175879396985,0.0002658111036212701
0.0,0,50000.0,1.75,0.03808760148341185,0.0019536053431755255,0.959306404730881,0.0019536053431755255,0.0026059937857071266,0.0005104110627243363
0.0,0,50000.0,2.0,0.028070175438596492,0.0016773372479636586,0.9685213032581453,0.0016773372479636586,0.0034085213032581455,0.0005835594937838826
0.0,0,50000.0,2.25,0.01711711711711712,0.0013088732979917523,0.9757757757757758,0.0013088732979917523,0.007107107107107107,0.0008404558165347352
0.0,0,50000.0,2.5,0.00830415207603802,0.0009114315323877081,0.9844922461230615,0.0009114315323877081,0.007203601800900451,0.0008458893288000152
0.0,0,50000.0,2.75,0.0023,0.00047955083150798527,0.9908,0.00047955083150798527,0.0069,0.0008277916404506631
0.0,0,50000.0,3.0,0.0,0.0,0.9907990799079908,0.0,0.0092009200920092,0.000954838985324623
0.0,0,50000.0,3.25,0.0,0.0,0.9895,0.0,0.0105,0.0010193012312363799
0.0,0,50000.0,3.5,0.0,0.0,0.9891,0.0,0.0109,0.0010383250936002654
0.0,0,50000.0,3.75,0.0,0.0,0.9876987698769877,0.0,0.012301230123012302,0.0011023214128814832
0.0,0,50000.0,4.0,0.0,0.0,0.9788,0.0,0.0212,0.001440505466841414
0.0,0,50000.0,4.25,0.0,0.0,0.972,0.0,0.028,0.0016497272501841023
0.0,0,50000.0,4.5,0.0,0.0,0.9836,0.0,0.0164,0.0012700803124212265
0.0,0,50000.0,4.75,0.0,0.0,0.9984000000000001,0.0,0.0016,0.0003996798718974975
1.0,0,5000.0,0.0,0.0,0.0,0.9887775551102205,0.0,0.011222444889779559,0.0010544543185303367
1.0,0,5000.0,0.25,0.0001003814495081309,0.00010037641116398597,0.9875527002609917,0.00010037641116398597,0.012346918289500101,0.0011063899697361485
1.0,0,5000.0,0.5,0.0,0.0,0.9827603589071479,0.0,0.0172396410928521,0.001306934974243968
1.0,0,5000.0,0.75,0.00020296326364927948,0.00014350941771894003,0.9808199715851431,0.00014350941771894003,0.01897706515120763,0.0013745097526106401
1.0,0,5000.0,1.0,0.00010298661174047374,0.00010298130848283019,0.984140061791967,0.00010298130848283019,0.015756951596292482,0.001263797999439258
1.0,0,5000.0,1.25,0.0008373456144023446,0.0002960270137853828,0.9826250785011513,0.0002960270137853828,0.016537575884446307,0.0013047346378579606
1.0,0,5000.0,1.5,0.00031762837480148225,0.00018337311950533816,0.9769190047644256,0.00018337311950533816,0.022763366860772894,0.0015346775393573105
1.0,0,5000.0,1.75,0.00010665529010238908,0.00010664960227527241,0.9749360068259385,0.00010664960227527241,0.024957337883959044,0.0016110244780209034
1.0,0,5000.0,2.0,0.0002153547970281038,0.00015227063862438797,0.9763109723269086,0.00015227063862438797,0.023473672876063313,0.0015710672640609745
1.0,0,5000.0,2.25,0.00010785159620362382,0.00010784578006339776,0.9787532355478861,0.00010784578006339776,0.02113891285591027,0.001493878045734834
1.0,0,5000.0,2.5,0.00021500752526338422,0.0001520251068254576,0.9779617286605031,0.0001520251068254576,0.0218232638142335,0.0015148873836974583
1.0,0,5000.0,2.75,0.00021496130696474635,0.0001519924290661996,0.9772141014617369,0.0001519924290661996,0.022570937231298365,0.001539864722809374
1.0,0,5000.0,3.0,0.00010741138560687433,0.0001074056168490836,0.9814178302900107,0.0001074056168490836,0.018474758324382383,0.0013956138761196937
1.0,0,5000.0,3.25,0.0,0.0,0.9783801226202,0.0,0.021619877379799937,0.001508373896822361
1.0,0,5000.0,3.5,0.0,0.0,0.9786871270247229,0.0,0.021312872975277068,0.0014909014485347612
1.0,0,5000.0,3.75,0.0,0.0,0.9773596938775511,0.0,0.02264030612244898,0.0015336268572505036
1.0,0,5000.0,4.0,0.0,0.0,0.9791976225854383,0.0,0.020802377414561663,0.0014703479181001665
1.0,0,5000.0,4.25,0.0,0.0,0.9799222117102911,0.0,0.02007778828970882,0.0014381195421169018
1.0,0,5000.0,4.5,0.0,0.0,0.9785706745487174,0.0,0.021429325451282594,0.0014878411980418775
1.0,0,5000.0,4.75,0.0,0.0,0.9800250993516001,0.0,0.019974900648399917,0.0014308250784030455
1.0,0,10000.0,0.0,0.0,0.0,0.9920547118575882,0.0,0.007945288142411747,0.0008903564686855269
1.0,0,10000.0,0.25,0.000202122283981809,0.00014291481551780743,0.9894896412329459,0.00014291481551780743,0.01030823648307226,0.0010153932343092912
1.0,0,10000.0,0.5,0.0006119951040391676,0.00024983321262953966,0.9869441044471644,0.00024983321262953966,0.012443900448796409,0.0011195861069333221
1.0,0,10000.0,0.75,0.00031043046357615895,0.00017921783854456445,0.9886175496688742,0.00017921783854456445,0.011072019867549668,0.001064430474700949
1.0,0,10000.0,1.0,0.0012647554806070826,0.0003650842178117765,0.9835581787521079,0.0003650842178117765,0.01517706576728499,0.0012551211470613673
1.0,0,10000.0,1.25,0.0015015015015015015,0.0004012716360806305,0.9816602316602316,0.0004012716360806305,0.01683826683826684,0.0013324779917400899
1.0,0,10000.0,1.5,0.0024025335808670963,0.0005121913681062152,0.9825270285027847,0.0005121913681062152,0.01507043791634815,0.0012731773837842185
1.0,0,10000.0,1.75,0.002079002079002079,0.0004769296924305556,0.9812889812889812,0.0004769296924305556,0.016632016632016633,0.0013377690645674548
1.0,0,10000.0,2.0,0.0022850924918389557,0.0004986209318979007,0.982480957562568,0.0004986209318979007,0.015233949945593036,0.0012776592407348136
1.0,0,10000.0,2.25,0.0023732470334412083,0.0005059506757299314,0.9819848975188781,0.0005059506757299314,0.01564185544768069,0.0012887860793562502
1.0,0,10000.0,2.5,0.0011871357651629614,0.00035791558580575844,0.9827325706885387,0.00035791558580575844,0.016080293546298294,0.0013067143721710967
1.0,0,10000.0,2.75,0.0008502497608672548,0.0003005927108523162,0.9829950047826549,0.0003005927108523162,0.01615474545647784,0.0012996958225412912
1.0,0,10000.0,3.0,0.00042074261070789944,0.00021036024104146127,0.9841169664457768,0.00021036024104146127,0.015462290943515304,0.0012654102584345533
1.0,0,10000.0,3.25,0.00020938023450586265,0.00014804643355775593,0.987751256281407,0.00014804643355775593,0.012039363484087103,0.0011158978145302185
1.0,0,10000.0,3.5,0.0003119800332778702,0.00018011239021934537,0.9827371048252912,0.00018011239021934537,0.016950915141430947,0.001316397197846384
1.0,0,10000.0,3.75,0.0,0.0,0.984349087893864,0.0,0.01565091210613599,0.001263646941229786
1.0,0,10000.0,4.0,0.0,0.0,0.9869497669601243,0.0,0.013050233039875712,0.0011549961028798309
1.0,0,10000.0,4.25,0.0,0.0,0.9874833282035498,0.0,0.01251667179645019,0.0011260919019063006
1.0,0,10000.0,4.5,0.0,0.0,0.9880110667076545,0.0,0.011988933292345526,0.0011017131100741402
1.0,0,10000.0,4.75,0.0,0.0,0.9859370223173342,0.0,0.014062977682665852,0.0011886728185403264
1.0,0,15000.0,0.0,0.0004047763610605141,0.00020237794002727632,0.9927140255009107,0.00020237794002727632,0.006881198138028739,0.0008315918202437111
1.0,0,15000.0,0.25,0.0019352210226115298,0.000443945160390053,0.9902220411489102,0.000443945160390053,0.007842737828478306,0.0008902512509727989
1.0,0,15000.0,0.5,0.0014435966178593526,0.0003857975327993742,0.9859764899979377,0.0003857975327993742,0.012579913384202928,0.0011317453384850332
1.0,0,15000.0,0.75,0.0027374184038745,0.0005368214815001812,0.981680353758686,0.0005368214815001812,0.01558222783743946,0.0012708327996807146
1.0,0,15000.0,1.0,0.003555268261150614,0.000618855384725794,0.982546864899806,0.000618855384725794,0.013897866839043309,0.0012151062094457091
1.0,0,15000.0,1.25,0.003616042077580539,0.0006294355496232092,0.9822485207100592,0.0006294355496232092,0.01413543721236029,0.0012357283738667522
1.0,0,15000.0,1.5,0.0031987646150452237,0.0005939629165128724,0.9797043900286786,0.0005939629165128724,0.017096845356276195,0.0013614619205555665
1.0,0,15000.0,1.75,0.006453730037190987,0.0008401550154486982,0.9795449573397506,0.0008401550154486982,0.014001312623058412,0.0012288586653180498
1.0,0,15000.0,2.0,0.004253926701570681,0.0006811362786208489,0.981457242582897,0.0006811362786208489,0.014288830715532287,0.001239469607347731
1.0,0,15000.0,2.25,0.0033247533247533247,0.000597109236315672,0.9851994851994852,0.000597109236315672,0.011475761475761476,0.0011030197413453707
1.0,0,15000.0,2.5,0.002872034889905329,0.0005526896190681589,0.9844697372619934,0.0005526896190681589,0.012658227848101266,0.0011530102914745518
1.0,0,15000.0,2.75,0.001888375996642887,0.0004450711428909663,0.9847880822492656,0.0004450711428909663,0.013323541754091481,0.0011743707071569037
1.0,0,15000.0,3.0,0.0011432134691332363,0.00034467391810040997,0.9878403658283101,0.00034467391810040997,0.01101642070255664,0.0010640992092622074
1.0,0,15000.0,3.25,0.0007192027124216583,0.0002718191093225307,0.9883900133566218,0.0002718191093225307,0.01089078393095654,0.0010520305063087424
1.0,0,15000.0,3.5,0.00010224948875255624,0.00010224426113994756,0.9885480572597137,0.00010224426113994756,0.011349693251533743,0.0010711344498595178
1.0,0,15000.0,3.75,0.00020290149132596124,0.00014346574252240615,0.9900578269250279,0.00014346574252240615,0.009739271583646139,0.0009891579323356705
1.0,0,15000.0,4.0,0.00010117361392148928,0.00010116849574195285,0.9899838122217726,0.00010116849574195285,0.009915014164305949,0.0009965900307750742
1.0,0,15000.0,4.25,0.0,0.0,0.9926023510336441,0.0,0.007397648966355898,0.0008626208260378571
1.0,0,15000.0,4.5,0.0,0.0,0.9916280008069397,0.0,0.00837199919306032,0.0009150915021956722
1.0,0,15000.0,4.75,0.0,0.0,0.9892343294093973,0.0,0.010765670590602676,0.001035139277590312
1.0,0,20000.0,0.0,0.0011234807476253703,0.00033872489173068164,0.9913185578592585,0.00033872489173068164,0.007557961393116127,0.000875268674200789
1.0,0,20000.0,0.25,0.002374071015689513,0.0004950002558624069,0.9866845582163501,0.0004950002558624069,0.010941370767960363,0.001056890077739533
1.0,0,20000.0,0.5,0.0034674792476620787,0.0006035751023197417,0.9825575286329726,0.0006035751023197417,0.013974992119365346,0.0012032883613646702
1.0,0,20000.0,0.75,0.0037393162393162395,0.0006320241116358257,0.9792735042735042,0.0006320241116358257,0.016987179487179486,0.0013356796351047394
1.0,0,20000.0,1.0,0.00697623719206453,0.000871977664548809,0.9783082624809244,0.000871977664548809,0.014715500327011119,0.0012571554247824042
1.0,0,20000.0,1.25,0.008598831440855473,0.0009735653868771141,0.9718884356741263,0.0009735653868771141,0.01951273288501819,0.0014522869849092805
1.0,0,20000.0,1.5,0.008779728828628585,0.0009877306589346783,0.9777728384085352,0.0009877306589346783,0.013447432762836185,0.001214246364503633
1.0,0,20000.0,1.75,0.008888401185120158,0.000987524535505358,0.9741029298803906,0.000987524535505358,0.017008668934489192,0.0013545009773238176
1.0,0,20000.0,2.0,0.005975662755323773,0.0008057128363854557,0.9817470664928292,0.0008057128363854557,0.012277270751847024,0.0011478367772194032
1.0,0,20000.0,2.25,0.005972059294017276,0.0007980043974142467,0.9809107390423376,0.0007980043974142467,0.013117201663645089,0.001174955529061184
1.0,0,20000.0,2.5,0.004407597859166754,0.0006800680289741702,0.9840486934620631,0.0006800680289741702,0.011543708678770071,0.0010942782081355127
1.0,0,20000.0,2.75,0.003002070393374741,0.0005574356513486864,0.9872670807453416,0.0005574356513486864,0.009730848861283644,0.000998765254353898
1.0,0,20000.0,3.0,0.0007176542956735698,0.00027123392287005014,0.9907730161984827,0.00027123392287005014,0.008509329505843757,0.0009300378230960551
1.0,0,20000.0,3.25,0.0009133346864217577,0.00030442944729958615,0.9924903592449766,0.00030442944729958615,0.006596306068601583,0.0008154681543893107
1.0,0,20000.0,3.5,0.00010085728693898134,0.00010085220071456806,0.9939485627836612,0.00010085220071456806,0.005950579929399899,0.0007723911258072501
1.0,0,20000.0,3.75,0.00010065425264217414,0.00010064918687541071,0.994765978862607,0.00010064918687541071,0.0051333668847508805,0.0007169677965263891
1.0,0,20000.0,4.0,0.0,0.0,0.9954769323550106,0.0,0.004523067644989446,0.0006727325267704557
1.0,0,20000.0,4.25,0.0,0.0,0.9924774322968907,0.0,0.007522567703109328,0.0008653579612098305
1.0,0,20000.0,4.5,0.0,0.0,0.9859592819175609,0.0,0.014040718082439074,0.0011782970530634892
1.0,0,20000.0,4.75,0.0,0.0,0.9794692038057086,0.0,0.020530796194291438,0.001419136774228595
1.0,0,25000.0,0.0,0.13411938098747236,0.0037485497339745633,0.8599852616064849,0.0037485497339745633,0.0058953574060427415,0.0007854746561982887
1.0,0,25000.0,0.25,0.137803198813685,0.003809896358129105,0.8548882533629912,0.003809896358129105,0.0073085478233238,0.0008766246709333561
1.0,0,25000.0,0.5,0.14683382915427115,0.003936677675916202,0.8412664683382916,0.003936677675916202,0.011899702507437314,0.001117706065796769
1.0,0,25000.0,0.75,0.14100225346067174,0.0038763944446647677,0.8455842901598885,0.0038763944446647677,0.013413456379439853,0.0011916625431020033
1.0,0,25000.0,1.0,0.13083907668745215,0.0037716009885704464,0.8526419428946505,0.0037716009885704464,0.016518980417897386,0.001333146129396454
1.0,0,25000.0,1.25,0.11154855643044619,0.003483206543695698,0.8699693788276466,0.003483206543695698,0.01848206474190726,0.0014084980655331364
1.0,0,25000.0,1.5,0.08846153846153847,0.0031111614398532375,0.8963736263736264,0.0031111614398532375,0.015164835164835164,0.0012810908358070674
1.0,0,25000.0,1.75,0.06748399696213518,0.002701615778880189,0.9198220679179776,0.002701615778880189,0.012693935119887164,0.0011660824142937611
1.0,0,25000.0,2.0,0.04586165965253049,0.0022220940884858766,0.9426999028811913,0.0022220940884858766,0.01143843746627819,0.0011046269373037457
1.0,0,25000.0,2.25,0.02589958603120688,0.0016572444929101942,0.9626366627746523,0.0016572444929101942,0.01146375119414075,0.0010967589157011197
1.0,0,25000.0,2.5,0.013175781658475374,0.0011735386163994586,0.9787723517724564,0.0011735386163994586,0.008051866569068283,0.0009138937117566753
1.0,0,25000.0,2.75,0.0060931529484663845,0.0007932088753526995,0.9864711349788289,0.0007932088753526995,0.00743571207270474,0.0008730430090788146
1.0,0,25000.0,3.0,0.0023393002441008948,0.00048774869918569895,0.9908462164361269,0.00048774869918569895,0.006814483319772173,0.0008296801893038443
1.0,0,25000.0,3.25,0.0017166515197414925,0.0004163256541807103,0.9920226194082601,0.0004163256541807103,0.006260729071998384,0.0007926204845345779
1.0,0,25000.0,3.5,0.00020086371397007131,0.00014202496178997848,0.9934719292959727,0.00014202496178997848,0.006327206990057246,0.0007946272735963556
1.0,0,25000.0,3.75,0.00010031096398836393,0.00010030593271743972,0.9943825860166516,0.00010030593271743972,0.005517103019360016,0.0007418710227985927
1.0,0,25000.0,4.0,0.0,0.0,0.9918918918918919,0.0,0.008108108108108109,0.0008972411664721734
1.0,0,25000.0,4.25,0.0,0.0,0.9867881092983686,0.0,0.013211890701631469,0.0011423257336879104
1.0,0,25000.0,4.5,0.0,0.0,0.9760976097609761,0.0,0.023902390239023904,0.0015275273915651168
1.0,0,25000.0,4.75,0.0,0.0,0.9787,0.0,0.0213,0.0014438251279154273
1.0,0,30000.0,0.0,0.29309098419911184,0.0054940652001567985,0.701951874419085,0.0054940652001567985,0.00495714138180316,0.0007137261029472681
1.0,0,30000.0,0.25,0.3103661044837515,0.005641115230559184,0.6848004936240231,0.005641115230559184,0.004833401892225421,0.0007033182296258127
1.0,0,30000.0,0.5,0.32135176651305686,0.005727446287686497,0.6735279057859703,0.005727446287686497,0.005120327700972862,0.0007222674333548118
1.0,0,30000.0,0.75,0.3118411626240917,0.005639708023337892,0.6808924368027838,0.005639708023337892,0.007266400573124552,0.0008592242418619478
1.0,0,30000.0,1.0,0.3049506984387839,0.005587199788075048,0.6880649137222679,0.005587199788075048,0.006984387838948234,0.0008440184288289533
1.0,0,30000.0,1.25,0.2756187359378196,0.005300343767459696,0.7153814686029863,0.005300343767459696,0.00899979545919411,0.000955054543954149
1.0,0,30000.0,1.5,0.24521543342544264,0.005001858181401027,0.7463923856309487,0.005001858181401027,0.008392180943608638,0.0009228643809935002
1.0,0,30000.0,1.75,0.19934305070827346,0.004518124081188921,0.792547731471977,0.004518124081188921,0.008109217819749538,0.0009086514993831721
1.0,0,30000.0,2.0,0.16784289659404725,0.004138908051233087,0.823565510892912,0.004138908051233087,0.00859159251304081,0.0009333839455255391
1.0,0,30000.0,2.25,0.12800081724384513,0.0036128955749086754,0.8660741648789457,0.0036128955749086754,0.005925017877209112,0.0007756847268186626
1.0,0,30000.0,2.5,0.09128841848157948,0.003045879988151764,0.9037248117239975,0.003045879988151764,0.004986769794422959,0.0007106171882664807
1.0,0,30000.0,2.75,0.06563863244394846,0.002578890349398577,0.9274627168509688,0.002578890349398577,0.0068986507050826824,0.0008336936349484931
1.0,0,30000.0,3.0,0.03292264189052717,0.001822691623104529,0.9613209452635831,0.001822691623104529,0.005756412845889719,0.0007602578359208901
1.0,0,30000.0,3.25,0.010770005032712632,0.0010409587193981734,0.9841972823351787,0.0010409587193981734,0.0050327126321087065,0.0007099398129873769
1.0,0,30000.0,3.5,0.0036090225563909775,0.0006014334039670142,0.9901754385964913,0.0006014334039670142,0.006215538847117795,0.0007869172060125339
1.0,0,30000.0,3.75,0.0007007007007007008,0.00026482292805997805,0.992092092092092,0.00026482292805997805,0.007207207207207207,0.0008463111601105626
1.0,0,30000.0,4.0,0.0,0.0,0.9849894926448514,0.0,0.015010507355148604,0.0012163695535619698
1.0,0,30000.0,4.25,0.0,0.0,0.9778977897789779,0.0,0.0221022102210221,0.0014702334546179707
1.0,0,30000.0,4.5,0.0,0.0,0.98,0.0,0.02,0.0014
1.0,0,30000.0,4.75,0.0,0.0,0.9922,0.0,0.0078,0.0008797249570178171
1.0,0,40000.0,0.0,0.29639464814625677,0.005499039556266478,0.701869063425595,0.005499039556266478,0.0017362884281482995,0.0004207460545638748
1.0,0,40000.0,0.25,0.2950602163706879,0.005484886483338515,0.7032047356603388,0.005484886483338515,0.00173504796897326,0.0004204457215481915
1.0,0,40000.0,0.5,0.29413555194805197,0.005460205824282678,0.7043425324675324,0.005460205824282678,0.0015219155844155845,0.0003926577767003174
1.0,0,40000.0,0.75,0.29873958121569427,0.005507751752505941,0.6985159585281562,0.005507751752505941,0.002744460256149624,0.0005274463515815715
1.0,0,40000.0,1.0,0.26396041603554476,0.005160853566134445,0.7321013834191659,0.005160853566134445,0.003938200545289306,0.0006293738099766135
1.0,0,40000.0,1.25,0.2356745831227893,0.004878528143826566,0.7598787266296109,0.004878528143826566,0.004446690247599798,0.0006688716671143934
1.0,0,40000.0,1.5,0.1792082200060441,0.0042473852043058225,0.815452805480004,0.0042473852043058225,0.005338974513951849,0.0007314042227865692
1.0,0,40000.0,1.75,0.14996976416045152,0.003886593013980462,0.8454948599072768,0.003886593013980462,0.004535375932271719,0.000674559013483109
1.0,0,40000.0,2.0,0.11383995973829894,0.003384237311746751,0.8808253648716659,0.003384237311746751,0.005334675390035229,0.0007308168505863658
1.0,0,40000.0,2.25,0.06876069666767341,0.002630652156574387,0.9245947850599013,0.002630652156574387,0.006644518272425249,0.000815161910812132
1.0,0,40000.0,2.5,0.043216080402010054,0.0020838311228629,0.9511557788944723,0.0020838311228629,0.005628140703517588,0.0007499725111035433
1.0,0,40000.0,2.75,0.03138473879474581,0.0017737870355614275,0.9625990173468364,0.0017737870355614275,0.006016243858417728,0.0007743538281843011
1.0,0,40000.0,3.0,0.02187217818802047,0.0014812215129045775,0.9719072940704324,0.0014812215129045775,0.006220527741547106,0.0007875468473288488
1.0,0,40000.0,3.25,0.011523046092184368,0.0010744495366346901,0.9797595190380761,0.0010744495366346901,0.00871743486973948,0.0009305245142640927
1.0,0,40000.0,3.5,0.0074096325222789625,0.0008612870139364454,0.9824772203865024,0.0008612870139364454,0.010113147091218584,0.0010011944077089282
1.0,0,40000.0,3.75,0.0028005601120224045,0.0005292069561111967,0.9801960392078416,0.0005292069561111967,0.017003400680136026,0.0012929666883242203
1.0,0,40000.0,4.0,0.00020004000800160032,0.00014143549766476536,0.9767953590718144,0.00014143549766476536,0.023004600920184037,0.00149932935787084
1.0,0,40000.0,4.25,0.0,0.0,0.9843,0.0,0.0157,0.0012431214743539747
1.0,0,40000.0,4.5,0.0,0.0,0.9972,0.0,0.0028,0.000528408932551296
1.0,0,40000.0,4.75,0.0,0.0,1.0,0.0,0.0,0.0
1.0,0,50000.0,0.0,0.19007848661702556,0.004371890102039658,0.7640370295834171,0.004371890102039658,0.04588448379955726,0.0020988621136385686
1.0,0,50000.0,0.25,0.18949909474954738,0.004364486153389133,0.7621202977268156,0.004364486153389133,0.0483806075236371,0.0021519413030761368
1.0,0,50000.0,0.5,0.19412413516494534,0.004410586863357751,0.7562418530031084,0.004410586863357751,0.049634011831946254,0.0021748145160507726
1.0,0,50000.0,0.75,0.1821367778111545,0.004269456385573075,0.771402823670772,0.004269456385573075,0.046460398518073494,0.002106169443183988
1.0,0,50000.0,1.0,0.16771929824561405,0.004099485395511968,0.7937844611528823,0.004099485395511968,0.03849624060150376,0.0019263189684020536
1.0,0,50000.0,1.25,0.14879343146089916,0.003858973967808993,0.8177630920196255,0.003858973967808993,0.03344347651947532,0.0017990855346998315
1.0,0,50000.0,1.5,0.12113324657122836,0.0034816228423690727,0.8474321753929323,0.0034816228423690727,0.031434578035839426,0.0017458514630457355
1.0,0,50000.0,1.75,0.09357779781585011,0.0030613589305838094,0.8797715659753532,0.0030613589305838094,0.026650636208796714,0.0016121340001102578
1.0,0,50000.0,2.0,0.06503251625812907,0.0025504034895156495,0.9146573286643321,0.0025504034895156495,0.02031015507753877,0.0014109431767972034
1.0,0,50000.0,2.25,0.03810762152430486,0.001952110904875286,0.9461892378475695,0.001952110904875286,0.015703140628125625,0.0012433681647575348
1.0,0,50000.0,2.5,0.01850370074014803,0.0013603091716912854,0.9641928385677135,0.0013603091716912854,0.017303460692138426,0.0013041262373980592
1.0,0,50000.0,2.75,0.006800680068006801,0.0008246490122454034,0.9784978497849784,0.0008246490122454034,0.014701470147014702,0.001203610634760729
1.0,0,50000.0,3.0,0.0022004400880176033,0.0004691076750606407,0.9873974794958992,0.0004691076750606407,0.010402080416083216,0.0010146889339283161
1.0,0,50000.0,3.25,0.0013000000000000002,0.00036053432568896964,0.9866,0.00036053432568896964,0.0121,0.001093324745901235
1.0,0,50000.0,3.5,0.0008,0.00028282503425262765,0.9787,0.00028282503425262765,0.0205,0.0014170303454760593
1.0,0,50000.0,3.75,0.0,0.0,0.9748,0.0,0.0252,0.001567321281677755
1.0,0,50000.0,4.0,0.0,0.0,0.9836983698369837,0.0,0.016301630163016303,0.0012663921496172167
1.0,0,50000.0,4.25,0.0,0.0,0.9962,0.0,0.0038,0.0006152690468404858
1.0,0,50000.0,4.5,0.0,0.0,1.0,0.0,0.0,0.0
1.0,0,50000.0,4.75,0.0,0.0,1.0,0.0,0.0,0.0
1.0,0,60000.0,2.0,0.057134280568341,0.0023907163723577303,0.8859315589353612,0.0023907163723577303,0.05693416049629778,0.0023178631711764475
1.0,0,60000.0,2.25,0.03120624124824965,0.0017665208697163284,0.9164832966593318,0.0017665208697163284,0.052310462092418485,0.0022267463808657135
1.0,0,60000.0,2.5,0.007100710071007101,0.0008426452361447132,0.9602960296029603,0.0008426452361447132,0.032603260326032606,0.0017760473554034022
1.0,0,60000.0,2.75,0.0031000000000000003,0.0005567432083106178,0.9766,0.0005567432083106178,0.0203,0.001410245014173069
1.0,0,60000.0,3.0,0.0007,0.0002645619020191683,0.9872,0.0002645619020191683,0.0121,0.001093324745901235
1.0,0,60000.0,3.25,0.0,0.0,0.9842,0.0,0.0158,0.0012470108259353646
1.0,0,60000.0,3.5,0.0,0.0,0.974,0.0,0.026,0.0015913516267626081
1.0,0,60000.0,3.75,0.0,0.0,0.9786978697869787,0.0,0.0213021302130213,0.0014439679534137616
1.0,0,60000.0,4.0,0.0,0.0,0.9932,0.0,0.0068,0.0008218126307133518
1.0,0,60000.0,4.25,0.0,0.0,0.9999,0.0,0.0001,9.999499987499376e-05
1.0,0,60000.0,4.5,0.0,0.0,1.0,0.0,0.0,0.0
1.0,0,60000.0,4.75,0.0,0.0,1.0,0.0,0.0,0.0
2.0,0,5000.0,0.0,0.0,0.0,0.9912904194614075,0.0,0.008709580538592452,0.0009296898030990807
2.0,0,5000.0,0.25,0.0,0.0,0.9896834935897436,0.0,0.01031650641025641,0.0010112585429649067
2.0,0,5000.0,0.5,0.0,0.0,0.9896524010448061,0.0,0.010347598955193892,0.0010142904052717235
2.0,0,5000.0,0.75,0.00010070493454179255,0.0001006998636722034,0.9862034239677744,0.0001006998636722034,0.013695871097683786,0.0011663412384234175
2.0,0,5000.0,1.0,0.0006071031063442275,0.0002478362658348257,0.9848224223413943,0.0002478362658348257,0.014570474552261459,0.001205327973619217
2.0,0,5000.0,1.25,0.0003064038402614646,0.0001768933054989738,0.9844755387600858,0.0001768933054989738,0.015218057399652742,0.0012371892049547074
2.0,0,5000.0,1.5,0.0009271659627073246,0.0003090394012938646,0.982795920469764,0.0003090394012938646,0.016276913567528587,0.0012843398140012486
2.0,0,5000.0,1.75,0.001145117634811576,0.0003452479859341493,0.9836560483031439,0.0003452479859341493,0.015198834062044555,0.0012482688201613243
2.0,0,5000.0,2.0,0.0010482180293501049,0.00033145827232725967,0.9823899371069182,0.00033145827232725967,0.016561844863731655,0.0013066332205336879
2.0,0,5000.0,2.25,0.0014716703458425313,0.00039329386411993676,0.9831809103332282,0.00039329386411993676,0.015347419320929255,0.0012603769232076077
2.0,0,5000.0,2.5,0.0011550981833455844,0.00034825691989714047,0.9840386432846792,0.00034825691989714047,0.014806258531975218,0.0012376464319691421
2.0,0,5000.0,2.75,0.0014800718892060472,0.00039554494117990024,0.9824505761708426,0.00039554494117990024,0.01606935193995137,0.0012928817726950007
2.0,0,5000.0,3.0,0.001356002920621675,0.0003760679281097927,0.981537498696151,0.0003760679281097927,0.017106498383227288,0.0013243184468743976
2.0,0,5000.0,3.25,0.0006235709831635835,0.0002545585588840073,0.9837871544377468,0.0002545585588840073,0.015589274579089585,0.001262898494034415
2.0,0,5000.0,3.5,0.0007287870900572618,0.0002754412888771884,0.984903695991671,0.0002754412888771884,0.014367516918271733,0.0012142264189809353
2.0,0,5000.0,3.75,0.000517063081695967,0.00023122568311174677,0.9826266804550156,0.00023122568311174677,0.016856256463288522,0.0013091090887071691
2.0,0,5000.0,4.0,0.0005131889561736632,0.00022949330001190813,0.9827568510725649,0.00022949330001190813,0.016729959971261418,0.001299383964548751
2.0,0,5000.0,4.25,0.00041025641025641023,0.00020511768546332843,0.9847179487179487,0.00020511768546332843,0.014871794871794871,0.001225817344869615
2.0,0,5000.0,4.5,0.0004085384536819528,0.00020425879509535047,0.9847819426003472,0.00020425879509535047,0.01480951894597079,0.0012207227940779952
2.0,0,5000.0,4.75,0.00020339672531272246,0.00014381589026165044,0.9846435472388895,0.00014381589026165044,0.015153056035797823,0.0012319454158504271
2.0,0,10000.0,0.0,0.00030260238047205974,0.00017469875444654694,0.9926366754085132,0.00017469875444654694,0.007060722211014727,0.0008409331069139657
2.0,0,10000.0,0.25,0.00040461258345134534,0.00020229605950799294,0.9909973700182075,0.00020229605950799294,0.008598017398341089,0.0009285680752416444
2.0,0,10000.0,0.5,0.0005107774032076821,0.00022841493117614343,0.9901930738584125,0.00022841493117614343,0.009296148738379814,0.0009699610462279847
2.0,0,10000.0,0.75,0.00123634865031939,0.00035688472686838815,0.9870183391716464,0.00035688472686838815,0.011745312178034206,0.0010935699812644837
2.0,0,10000.0,1.0,0.0020911752404851524,0.0004675692183209013,0.9857800083647009,0.0004675692183209013,0.012128816394813885,0.0011192821704692527
2.0,0,10000.0,1.25,0.00319693094629156,0.0005836459642736578,0.9818840579710145,0.0005836459642736578,0.014919011082693947,0.0012514456342615945
2.0,0,10000.0,1.5,0.004489097905087644,0.0006926387744841706,0.9793715262932877,0.0006926387744841706,0.016139375801624625,0.001302761904401371
2.0,0,10000.0,1.75,0.0035548852741570615,0.0006187907434892034,0.9786706883550577,0.0006187907434892034,0.017774426370785308,0.0013713845119773499
2.0,0,10000.0,2.0,0.003998703123311359,0.0006573453001143169,0.9789257538095752,0.0006573453001143169,0.01707554306711337,0.0013468091303833053
2.0,0,10000.0,2.25,0.005079982706441851,0.0007409464758446085,0.9775183744055339,0.0007409464758446085,0.01740164288802421,0.0013594565475640846
2.0,0,10000.0,2.5,0.0036574870912220313,0.0006272181378888972,0.9813898450946643,0.0006272181378888972,0.014952667814113597,0.0012587510175904957
2.0,0,10000.0,2.75,0.003085106382978723,0.0005728551960304476,0.9837234042553191,0.0005728551960304476,0.013191489361702127,0.001176791254384558
2.0,0,10000.0,3.0,0.0027405923895857487,0.0005374438806886956,0.9865078528512702,0.0005374438806886956,0.010751554759144091,0.0010588242358646849
2.0,0,10000.0,3.25,0.0016769730636201656,0.00041922129471482086,0.9837543234461796,0.00041922129471482086,0.014568703490200188,0.0012266669938175107
2.0,0,10000.0,3.5,0.0010351966873706005,0.00032734099140416603,0.9869565217391304,0.00032734099140416603,0.012008281573498964,0.0011082264731786964
2.0,0,10000.0,3.75,0.0007192027124216583,0.0002718191093225307,0.9884927566012535,0.0002718191093225307,0.010788040686324874,0.0010471107187582619
2.0,0,10000.0,4.0,0.0007147232999795793,0.0002701262239747731,0.9867265672860935,0.0002701262239747731,0.012558709413926894,0.0011252476065311257
2.0,0,10000.0,4.25,0.00010195758564437195,0.00010195238783724439,0.9877650897226754,0.00010195238783724439,0.01213295269168026,0.0011054580660308292
2.0,0,10000.0,4.5,0.00020238818053025704,0.0001431028137558515,0.986541185994738,0.0001431028137558515,0.013256425824731835,0.0011505167656665695
2.0,0,10000.0,4.75,0.0,0.0,0.9875581630588711,0.0,0.012441836941128869,0.001114841921565943
2.0,0,15000.0,0.0,0.0007110930516050386,0.00026875425880702183,0.9931938236489232,0.00026875425880702183,0.006095083299471759,0.0007844701804032579
2.0,0,15000.0,0.25,0.0016395122451070806,0.00040985443559233696,0.9891382313761656,0.00040985443559233696,0.009222256378727329,0.000967618265483205
2.0,0,15000.0,0.5,0.003218772713113903,0.0005780786316066616,0.9875402346589139,0.0005780786316066616,0.009240992627972172,0.0009750067787395606
2.0,0,15000.0,0.75,0.004130043418405167,0.0006612958219433601,0.983797521973949,0.0006612958219433601,0.012072434607645875,0.0011238412993629322
2.0,0,15000.0,1.0,0.006155507559395248,0.0008152682345532164,0.9814254859611231,0.0008152682345532164,0.012419006479481642,0.0011508647681798267
2.0,0,15000.0,1.25,0.0065775049331287,0.0008491010353655812,0.9798289848717386,0.0008491010353655812,0.013593510195132646,0.001212407837435079
2.0,0,15000.0,1.5,0.009009998901219646,0.000994926596744765,0.9770354906054279,0.000994926596744765,0.01395451049335238,0.0012295925454141193
2.0,0,15000.0,1.75,0.00825173286390142,0.0009527658350483349,0.9778853559247442,0.0009527658350483349,0.013862911211354384,0.0012264160222638905
2.0,0,15000.0,2.0,0.009366391184573003,0.0010158586172058068,0.9738842975206612,0.0010158586172058068,0.01674931129476584,0.0013471231203859737
2.0,0,15000.0,2.25,0.007933920226062385,0.0009285377490533389,0.9788066514509293,0.0009285377490533389,0.013259428323008369,0.0011924670219647905
2.0,0,15000.0,2.5,0.007722007722007722,0.000909989045081304,0.9799442299442299,0.000909989045081304,0.012333762333762334,0.001143014551600825
2.0,0,15000.0,2.75,0.006601362862010221,0.0008383220891399133,0.9842419080068143,0.0008383220891399133,0.009156729131175469,0.0009828644428782091
2.0,0,15000.0,3.0,0.004500261643118786,0.0006862425421944234,0.9855572998430141,0.0006862425421944234,0.009942438513867086,0.001014988995734212
2.0,0,15000.0,3.25,0.003102699348433137,0.0005664415604393701,0.9873823559830386,0.0005664415604393701,0.009514944668528286,0.0009872708562295121
2.0,0,15000.0,3.5,0.0016344876902645827,0.00040859844147147914,0.9910103177035448,0.00040859844147147914,0.007355194606190622,0.0008636243062424716
2.0,0,15000.0,3.75,0.0010147133434804667,0.00032086425325532955,0.9907661085743278,0.00032086425325532955,0.00821917808219178,0.0009094812161787279
2.0,0,15000.0,4.0,0.0005054589567327133,0.00022603669132475584,0.9917104731095835,0.00022603669132475584,0.007784067933683785,0.0008836175906528105
2.0,0,15000.0,4.25,0.00020171457387796267,0.00014262655004571568,0.9902168431669188,0.00014262655004571568,0.009581442259203227,0.0009783144511087878
2.0,0,15000.0,4.5,0.00010053282396702523,0.0001005277704156627,0.9871317985322208,0.0001005277704156627,0.012767668643812204,0.001125691605436997
2.0,0,15000.0,4.75,0.0,0.0,0.9793068809643395,0.0,0.02069311903566047,0.0014267627059921671
2.0,0,20000.0,0.0,0.17224780242779406,0.004234403901134005,0.8227291753871913,0.004234403901134005,0.0050230221850146506,0.0007231876376610357
2.0,0,20000.0,0.25,0.1809241831447605,0.004360824638320207,0.8117796341334461,0.004360824638320207,0.00729618272179338,0.0008751469877285995
2.0,0,20000.0,0.5,0.21746899306285475,0.004763061941678229,0.7753836451545092,0.004763061941678229,0.007147361782636115,0.000863641904314745
2.0,0,20000.0,0.75,0.23433010535277216,0.004972679475837433,0.7542832818984783,0.004972679475837433,0.011386612748749601,0.0010945003519492872
2.0,0,20000.0,1.0,0.2348704718907879,0.0050024132309507245,0.7549177684617865,0.0050024132309507245,0.010211759647425562,0.0010423412535570584
2.0,0,20000.0,1.25,0.22982245942707766,0.004979503104171839,0.759503322078205,0.004979503104171839,0.010674218494717351,0.0010724886723501544
2.0,0,20000.0,1.5,0.21460393349994566,0.0048071508686877585,0.7712702379658807,0.0048071508686877585,0.01412582853417364,0.001230135632384679
2.0,0,20000.0,1.75,0.1900010844810758,0.0045201436834036695,0.7952499728879731,0.0045201436834036695,0.01474894263095109,0.001255350173604537
2.0,0,20000.0,2.0,0.14176912196714178,0.003916933077727596,0.8465890545098466,0.003916933077727596,0.011641823523011642,0.0011188871919770198
2.0,0,20000.0,2.25,0.10263357537661212,0.0033267643140434994,0.8877208193345616,0.0033267643140434994,0.00964560528882627,0.0010174891791560363
2.0,0,20000.0,2.5,0.07032002568768062,0.002739166549369536,0.9216525741196617,0.002739166549369536,0.008027400192657604,0.0009231964397463445
2.0,0,20000.0,2.75,0.04099935938500961,0.0020902929840832976,0.9484304932735426,0.0020902929840832976,0.01057014734144779,0.001056710319531833
2.0,0,20000.0,3.0,0.018079214128958094,0.0013740742173839772,0.9730379349984324,0.0013740742173839772,0.008882850872609468,0.0009591916812972228
2.0,0,20000.0,3.25,0.0057553956834532375,0.0007690378138222818,0.987153134635149,0.0007690378138222818,0.007091469681397739,0.0008506802029694275
2.0,0,20000.0,3.5,0.0028478437754271765,0.0005381606056724168,0.9910496338486574,0.0005381606056724168,0.006102522375915379,0.000785424690419954
2.0,0,20000.0,3.75,0.0009082652134423252,0.00030273979398981135,0.9921283681501665,0.00030273979398981135,0.00696336663639116,0.0008353670709642699
2.0,0,20000.0,4.0,0.0007058586266007866,0.0002667760323645992,0.9912271856408188,0.0002667760323645992,0.008066955732580417,0.0008982678567450411
2.0,0,20000.0,4.25,0.0,0.0,0.9852498494882601,0.0,0.014750150511739916,0.0012075662683914232
2.0,0,20000.0,4.5,0.0,0.0,0.9779669504256384,0.0,0.022033049574361543,0.0014690120573768633
2.0,0,20000.0,4.75,0.0,0.0,0.9786551758693256,0.0,0.021344824130674418,0.0014468304080412218
2.0,0,25000.0,0.0,0.3319850653391413,0.005859561427524468,0.6633478531425016,0.005859561427524468,0.004667081518357187,0.0006941020284160651
2.0,0,25000.0,0.25,0.35615448161916563,0.006054952623588904,0.6388888888888888,0.006054952623588904,0.004956629491945477,0.0007136525849326886
2.0,0,25000.0,0.5,0.3728935470612413,0.0061796374039341925,0.6224825318536786,0.0061796374039341925,0.004623921085080148,0.0006876979921814372
2.0,0,25000.0,0.75,0.40390143737166323,0.006427597538054993,0.5901437371663244,0.006427597538054993,0.00595482546201232,0.0007795753540364632
2.0,0,25000.0,1.0,0.398645876077144,0.006382919372248828,0.5945835043085761,0.006382919372248828,0.006770619614279852,0.000830579535026465
2.0,0,25000.0,1.25,0.39919810835817826,0.006394130107908489,0.5953531407422638,0.006394130107908489,0.005448750899557931,0.0007464016701424069
2.0,0,25000.0,1.5,0.3722605206296944,0.006176945363364892,0.6202284185615804,0.006176945363364892,0.007511060808725177,0.0008757954521842134
2.0,0,25000.0,1.75,0.3418293936279548,0.005916022890237934,0.650770811921891,0.005916022890237934,0.0073997944501541625,0.000868841563290862
2.0,0,25000.0,2.0,0.30744735490498204,0.005609440222579091,0.6829994863893168,0.005609440222579091,0.009553158705701078,0.0009858732979830054
2.0,0,25000.0,2.25,0.260945529290853,0.005170869429637445,0.732065775950668,0.005170869429637445,0.006988694758478931,0.0008445370609285197
2.0,0,25000.0,2.5,0.21202140798682584,0.004665607085756592,0.7812885961300947,0.004665607085756592,0.006689995883079457,0.0008270115538155962
2.0,0,25000.0,2.75,0.1755160727123344,0.004240886030566851,0.8192461743863613,0.004240886030566851,0.005237752901304303,0.0007315088174661508
2.0,0,25000.0,3.0,0.14519930320729582,0.0038532123455401516,0.8492673429654678,0.0038532123455401516,0.005533353827236397,0.0007509078989313048
2.0,0,25000.0,3.25,0.10121374202838922,0.003223083504482597,0.8937461427689776,0.003223083504482597,0.005040115202633203,0.0007181996824915905
2.0,0,25000.0,3.5,0.053929121725731895,0.002351704804745317,0.9388803287108372,0.002351704804745317,0.007190549563430919,0.0008563395757340293
2.0,0,25000.0,3.75,0.0205444793037142,0.0014414454604689206,0.9676146139054751,0.0014414454604689206,0.011840906790810646,0.001088191845903441
2.0,0,25000.0,4.0,0.006630500301386378,0.0008160301992556011,0.9741812336749046,0.0008160301992556011,0.01918826602370906,0.0013750290504433841
2.0,0,25000.0,4.25,0.0023029938920596776,0.00048016038171348437,0.9742665465104636,0.00048016038171348437,0.023430459597476718,0.001513646517376567
2.0,0,25000.0,4.5,0.00020018016214593134,0.00014154166612220968,0.9775798218396556,0.00014154166612220968,0.02221999799819838,0.0014746471084299472
2.0,0,25000.0,4.75,0.0,0.0,0.9903980796159232,0.0,0.009601920384076815,0.0009752756448400371
2.0,0,30000.0,0.0,0.3737041978856615,0.006188473981033422,0.6226008416298882,0.006188473981033422,0.0036949604844503745,0.0006146879667490246
2.0,0,30000.0,0.25,0.3862960303620884,0.006289710109924436,0.6100112832085341,0.006289710109924436,0.003692686429377372,0.000614310359507223
2.0,0,30000.0,0.5,0.40046957942017153,0.006388488057671291,0.5949367088607596,0.006388488057671291,0.004593711719069008,0.0006832154368628765
2.0,0,30000.0,0.75,0.4161465261434565,0.006519723123478567,0.5791466284661824,0.006519723123478567,0.004706845390361199,0.0006923513217213429
2.0,0,30000.0,1.0,0.40661577608142496,0.006427557642235074,0.5892111959287532,0.006427557642235074,0.004173027989821883,0.000650356240387917
2.0,0,30000.0,1.25,0.3951949506260816,0.006337331111929791,0.6006311717397943,0.006337331111929791,0.004173877634123995,0.0006504883778813145
2.0,0,30000.0,1.5,0.3619095987811072,0.006058095319314609,0.6343321482986287,0.006058095319314609,0.0037582529202640933,0.0006166908573466396
2.0,0,30000.0,1.75,0.33231645312182223,0.005808513294049908,0.6629042098840756,0.005808513294049908,0.004779336994102094,0.0006954700261335814
2.0,0,30000.0,2.0,0.291828000815162,0.0054490232088682195,0.7008355410637864,0.0054490232088682195,0.007336458121051559,0.0008614324556315533
2.0,0,30000.0,2.25,0.2333536957849725,0.004871080683591553,0.7609448177560578,0.004871080683591553,0.0057014864589696596,0.0007597181093630322
2.0,0,30000.0,2.5,0.19489629930866206,0.00444897772816926,0.8005286701911346,0.00444897772816926,0.004575030500203334,0.0006804433938941424
2.0,0,30000.0,2.75,0.1439478774305202,0.0038265701560167603,0.8508602260002036,0.0038265701560167603,0.005191896569276188,0.0007251211976116184
2.0,0,30000.0,3.0,0.11447742984953233,0.0034102319406598166,0.8798291988613257,0.0034102319406598166,0.0056933712891419274,0.0007586398659230486
2.0,0,30000.0,3.25,0.08076298701298701,0.0028615649652165044,0.9121347402597403,0.0028615649652165044,0.007102272727272727,0.000845864081263179
2.0,0,30000.0,3.5,0.04371914979349249,0.0020981576531897985,0.9469124609650448,0.0020981576531897985,0.009368389241462678,0.0009668955098745293
2.0,0,30000.0,3.75,0.021272325908087496,0.0014607652794062992,0.9605659241420831,0.0014607652794062992,0.01816174994982942,0.0013376373234662566
2.0,0,30000.0,4.0,0.014914914914914914,0.0012216356680400094,0.9643643643643643,0.0012216356680400094,0.02072072072072072,0.001425190658742622
2.0,0,30000.0,4.25,0.008907125700560448,0.0009439341702875828,0.9745796637309848,0.0009439341702875828,0.016513210568454763,0.0012748932216852605
2.0,0,30000.0,4.5,0.00430172068827531,0.0006558833838080303,0.9857943177270908,0.0006558833838080303,0.009903961584633853,0.0009904441957214604
2.0,0,30000.0,4.75,0.0014,0.0003741363387857427,0.9977,0.0003741363387857427,0.0009,0.0002998649696113235
2.0,0,40000.0,0.0,0.33110028420625254,0.005794900779979841,0.6276898091758019,0.005794900779979841,0.041209906617945595,0.0020026284548628408
2.0,0,40000.0,0.25,0.3367481488994827,0.005842203923461542,0.627751293234608,0.005842203923461542,0.03550055786590932,0.0018635976149113116
2.0,0,40000.0,0.5,0.3371208278380846,0.005846028432643822,0.628487369382165,0.005846028432643822,0.03439180277975043,0.001835504968815318
2.0,0,40000.0,0.75,0.32754442649434573,0.005748678159115646,0.6420638126009693,0.005748678159115646,0.030391760904684977,0.0017249271768769892
2.0,0,40000.0,1.0,0.32776659959758553,0.00574030861255908,0.6485915492957747,0.00574030861255908,0.023641851106639838,0.0015238847550814825
2.0,0,40000.0,1.25,0.2970167304978835,0.0054697165465675554,0.6825236847409797,0.0054697165465675554,0.020459584761136868,0.0014212156329996642
2.0,0,40000.0,1.5,0.26949853697911413,0.005213126581222575,0.713853294319443,0.005213126581222575,0.016648168701442843,0.0012852243981657501
2.0,0,40000.0,1.75,0.2328532581327425,0.004841501465857818,0.7543559270822843,0.004841501465857818,0.012790814784973311,0.001127719119345396
2.0,0,40000.0,2.0,0.18100322320709106,0.004268975911944889,0.8076148267526189,0.004268975911944889,0.011381950040290089,0.0010646128919692937
2.0,0,40000.0,2.25,0.1409766881028939,0.003763000168333203,0.8506832797427653,0.003763000168333203,0.008340032154340836,0.0009116120761441924
2.0,0,40000.0,2.5,0.10886610373944511,0.0033075604921091453,0.8853035786087656,0.0033075604921091453,0.005830317651789305,0.0007633232270812034
2.0,0,40000.0,2.75,0.0723763570566948,0.0026969324683411094,0.9218938480096501,0.0026969324683411094,0.005729794933655006,0.0007567524991442874
2.0,0,40000.0,3.0,0.032005618541185915,0.001791824914852923,0.9614728604394502,0.001791824914852923,0.006521521019363901,0.0008062532010700904
2.0,0,40000.0,3.25,0.020060180541624874,0.0014183594142872923,0.966900702106319,0.0014183594142872923,0.013039117352056168,0.0011361259717763616
2.0,0,40000.0,3.5,0.013826269912834385,0.0011768685659751287,0.9685402264302174,0.0011768685659751287,0.017633503656948202,0.0013174042177446638
2.0,0,40000.0,3.75,0.007902370711213365,0.0008890079235925034,0.965889766930079,0.0008890079235925034,0.02620786235870761,0.001597769348497074
2.0,0,40000.0,4.0,0.007002100630189057,0.0008368118304529062,0.977293187956387,0.0008368118304529062,0.015704711413424027,0.0012434915466751294
2.0,0,40000.0,4.25,0.0028011204481792717,0.000529318504520224,0.9948979591836735,0.000529318504520224,0.002300920368147259,0.00047922278237864555
2.0,0,40000.0,4.5,0.0001,9.999499987499376e-05,0.9999,9.999499987499376e-05,0.0,0.0
2.0,0,40000.0,4.75,0.0,0.0,1.0,0.0,0.0,0.0
2.0,0,50000.0,0.0,0.25062757304950295,0.005014974783268028,0.5735515614017471,0.005014974783268028,0.17582086554874987,0.0038145046475313925
2.0,0,50000.0,0.25,0.23921332530604053,0.004897883159249653,0.5793698575155529,0.004897883159249653,0.18141681717840658,0.003860199403710916
2.0,0,50000.0,0.5,0.23434991974317818,0.004847342524943803,0.5968097913322632,0.004847342524943803,0.16884028892455857,0.003752116119904902
2.0,0,50000.0,0.75,0.23056112224448896,0.0048051682551996325,0.6014028056112224,0.0048051682551996325,0.1680360721442886,0.0037427277595926812
2.0,0,50000.0,1.0,0.21379931904666533,0.004625950799292521,0.6392950130182256,0.004625950799292521,0.14690566793510915,0.0035425992264657828
2.0,0,50000.0,1.25,0.20062099358974358,0.00448159719924244,0.6845953525641025,0.00448159719924244,0.11478365384615384,0.003190159879642446
2.0,0,50000.0,1.5,0.18698047070605908,0.004326428392873777,0.7293940911367051,0.004326428392873777,0.08362543815723586,0.0027703311222333766
2.0,0,50000.0,1.75,0.16205652435357787,0.004029248741726296,0.7743034676287833,0.004029248741726296,0.0636400080176388,0.002443795088683462
2.0,0,50000.0,2.0,0.1300430473520873,0.0036075382286444853,0.817699469416358,0.0036075382286444853,0.05225748323155471,0.0022266831380694805
2.0,0,50000.0,2.25,0.10159143228906016,0.0031883221104162455,0.8578720848763888,0.0031883221104162455,0.040536482834551094,0.0019730258962984346
2.0,0,50000.0,2.5,0.06522609043617447,0.0025541451129039937,0.9002601040416166,0.0025541451129039937,0.03451380552220888,0.0018258131647415133
2.0,0,50000.0,2.75,0.037511253376012806,0.0019368844458075693,0.9352805841752526,0.0019368844458075693,0.02720816244873462,0.001627139240852646
2.0,0,50000.0,3.0,0.010604241696678672,0.0010299020967681344,0.9650860344137655,0.0010299020967681344,0.024309723889555823,0.001540397757560539
2.0,0,50000.0,3.25,0.0057,0.0007549218502600121,0.9691,0.0007549218502600121,0.0252,0.001567321281677755
2.0,0,50000.0,3.5,0.0008,0.00028282856998542425,0.9688,0.00028282856998542425,0.0304,0.0017168529348782326
2.0,0,50000.0,3.75,0.0006000000000000001,0.0002449326438023319,0.981,0.0002449326438023319,0.0184,0.00134392856953039
2.0,0,50000.0,4.0,0.0002,0.00014141428499271213,0.9964,0.00014141428499271213,0.0034,0.0005821030836544333
2.0,0,50000.0,4.25,0.0,0.0,1.0,0.0,0.0,0.0
2.0,0,50000.0,4.5,0.0,0.0,1.0,0.0,0.0,0.0
2.0,0,50000.0,4.75,0.0,0.0,1.0,0.0,0.0,0.0
