0.50000000 -0.526112472610
0.60000000 -0.769192223535
0.70000000 -0.921645304067
0.80000000 -1.019715595758
0.90000000 -1.083330791245
1.00000000 -1.124249947903
1.10000000 -1.149787311962
1.25000000 -1.169174653910
1.30000000 -1.172109634324
1.40000000 -1.174251828063
1.50000000 -1.172642918323
1.60000000 -1.168381112016
1.70000000 -1.162264851158
1.80000000 -1.154882053169
1.90000000 -1.146670303318
2.00000000 -1.137958243384
2.30000000 -1.111022710642
2.50000000 -1.093789881090
2.80000000 -1.070552840825
3.00000000 -1.057208505588
3.10000000 -1.051222396185
3.20000000 -1.045694652954
3.30000000 -1.040618652808
3.40000000 -1.035982855977
3.50000000 -1.031771548667
3.60000000 -1.027965562322
3.70000000 -1.024542983622
3.80000000 -1.021479854795
3.90000000 -1.018750853423
4.00000000 -1.016329934987
4.10000000 -1.014190919772
4.20000000 -1.012308008016
4.30000000 -1.010656211713
4.40000000 -1.009211697299
4.50000000 -1.007952039422
4.70000000 -1.005905578752
5.00000000 -1.003755859849
5.25000000 -1.002566860755
5.50000000 -1.001751910644
5.75000000 -1.001195765290
6.00000000 -1.000817169533
6.50000000 -1.000384486004
7.00000000 -1.000183503327
7.50000000 -1.000088888391
8.00000000 -1.000043272124
8.50000000 -1.000020484417
9.00000000 -1.000008537828
10.00000000 -0.999997972943
11.00000000 -0.999993917687
12.00000000 -0.999992048363
13.00000000 -0.999991067435
14.00000000 -0.999990512883
15.00000000 -0.999990184903
16.00000000 -0.999989983052
17.00000000 -0.999989854412
18.00000000 -0.999989770108
19.00000000 -0.999989713546
20.00000000 -0.999989674769
22.00000000 -0.999989628328
25.00000000 -0.999989596427
30.00000000 -0.999989578222
35.00000000 -0.999989572740